matrix:[[0.2238548  0.18965517 0.10913706 0.29596413 0.32075472]
 [0.08902334 0.34482759 0.30456853 0.06278027 0.11320755]
 [0.23509075 0.18965517 0.12690355 0.46188341 0.32075472]
 [0.24891962 0.17241379 0.12436548 0.0941704  0.18867925]
 [0.2031115  0.10344828 0.33502538 0.08520179 0.05660377]]
matrix:[[0.125      0.1635514  0.17532468 0.2734139  0.24242424]
 [0.         0.20093458 0.16623377 0.13141994 0.05627706]
 [0.125      0.18224299 0.20519481 0.2326284  0.42424242]
 [0.625      0.35514019 0.14805195 0.19335347 0.17748918]
 [0.125      0.09813084 0.30519481 0.16918429 0.0995671 ]]
matrix:[[0.22262774 0.13592233 0.30513595 0.19466667 0.18032787]
 [0.12773723 0.24271845 0.13595166 0.16533333 0.11007026]
 [0.20437956 0.25242718 0.39274924 0.2        0.23185012]
 [0.20437956 0.27184466 0.0755287  0.16533333 0.33255269]
 [0.24087591 0.09708738 0.09063444 0.27466667 0.14519906]]
matrix:[[0.25385935 0.38983051 0.21069182 0.07373272 0.18471338]
 [0.06003431 0.1059322  0.06918239 0.25576037 0.24522293]
 [0.29845626 0.28389831 0.31761006 0.13824885 0.23248408]
 [0.28473413 0.0720339  0.13207547 0.24654378 0.07961783]
 [0.10291595 0.14830508 0.27044025 0.28571429 0.25796178]]
matrix:[[0.09950249 0.30294118 0.29801325 0.20031797 0.        ]
 [0.14427861 0.15588235 0.1192053  0.12559618 0.27272727]
 [0.14759536 0.30294118 0.3013245  0.28616852 0.27272727]
 [0.30016584 0.08529412 0.12913907 0.18282989 0.36363636]
 [0.30845771 0.15294118 0.15231788 0.20508744 0.09090909]]
matrix:[[0.17852349 0.19248826 0.5        0.30630631 0.24958403]
 [0.15704698 0.24882629 0.5        0.06306306 0.11148087]
 [0.19328859 0.30985915 0.         0.35135135 0.19301165]
 [0.1409396  0.11971831 0.         0.18018018 0.28951747]
 [0.33020134 0.12910798 0.         0.0990991  0.15640599]]
matrix:[[0.24356913 0.09009009 0.25177305 0.1        0.6875    ]
 [0.17122186 0.13213213 0.05673759 0.4        0.        ]
 [0.25562701 0.07207207 0.36170213 0.2        0.25      ]
 [0.12379421 0.41741742 0.12765957 0.3        0.0625    ]
 [0.20578778 0.28828829 0.20212766 0.         0.        ]]
matrix:[[0.19252468 0.14285714 0.17142857 0.36085627 0.30357143]
 [0.17489422 0.         0.11428571 0.03669725 0.14285714]
 [0.21932299 0.21428571 0.27142857 0.28746177 0.28571429]
 [0.17136812 0.57142857 0.14285714 0.27828746 0.125     ]
 [0.24188999 0.07142857 0.3        0.03669725 0.14285714]]
matrix:[[0.29302326 0.25762712 0.33524355 0.10509031 0.12871287]
 [0.03953488 0.16610169 0.20057307 0.14778325 0.19306931]
 [0.37906977 0.27457627 0.26647564 0.12807882 0.13861386]
 [0.12325581 0.11525424 0.06876791 0.25944171 0.43069307]
 [0.16511628 0.18644068 0.12893983 0.35960591 0.10891089]]
matrix:[[0.25324675 0.16972112 0.38408304 0.04545455 0.        ]
 [0.21753247 0.15856574 0.06920415 0.22727273 0.        ]
 [0.25649351 0.20956175 0.35640138 0.22727273 0.45454545]
 [0.07792208 0.23187251 0.05882353 0.36363636 0.09090909]
 [0.19480519 0.23027888 0.13148789 0.13636364 0.45454545]]
