matrix:[[0.73697917 0.12601626 0.1039823  0.0467033  0.02733485]
 [0.07552083 0.54065041 0.01327434 0.02472527 0.20501139]
 [0.09635417 0.0203252  0.86504425 0.02197802 0.02050114]
 [0.05208333 0.03252033 0.00884956 0.86538462 0.02733485]
 [0.0390625  0.2804878  0.00884956 0.04120879 0.71981777]]
matrix:[[0.78342246 0.06097561 0.10245902 0.04724409 0.041841  ]
 [0.0855615  0.66463415 0.02663934 0.02887139 0.23849372]
 [0.06684492 0.03658537 0.84631148 0.02624672 0.0209205 ]
 [0.04278075 0.01219512 0.00614754 0.84514436 0.01882845]
 [0.02139037 0.22560976 0.01844262 0.05249344 0.67991632]]
matrix:[[0.85233161 0.12290503 0.07029478 0.02285714 0.02835539]
 [0.02849741 0.57541899 0.02267574 0.01142857 0.28733459]
 [0.04404145 0.1396648  0.88662132 0.01714286 0.03213611]
 [0.02849741 0.02234637 0.00907029 0.92285714 0.02457467]
 [0.04663212 0.1396648  0.01133787 0.02571429 0.62759924]]
matrix:[[0.83502538 0.05392157 0.05399061 0.04464286 0.02421308]
 [0.05076142 0.69607843 0.0399061  0.078125   0.18159806]
 [0.06598985 0.02941176 0.87323944 0.04910714 0.00726392]
 [0.01522843 0.00980392 0.01173709 0.72321429 0.01210654]
 [0.03299492 0.21078431 0.02112676 0.10491071 0.7748184 ]]
matrix:[[0.81933842 0.05454545 0.07900208 0.03102625 0.0188172 ]
 [0.06870229 0.66363636 0.01455301 0.0548926  0.18010753]
 [0.06615776 0.00909091 0.87318087 0.01193317 0.01075269]
 [0.01017812 0.01818182 0.01663202 0.81145585 0.02150538]
 [0.03562341 0.25454545 0.01663202 0.09069212 0.7688172 ]]
matrix:[[0.85128205 0.04424779 0.06991525 0.03133903 0.03363229]
 [0.05384615 0.7699115  0.03601695 0.02279202 0.16367713]
 [0.03589744 0.03539823 0.87288136 0.01424501 0.02017937]
 [0.02564103 0.02212389 0.00847458 0.9031339  0.01569507]
 [0.03333333 0.12831858 0.01271186 0.02849003 0.76681614]]
matrix:[[0.82608696 0.06278027 0.06935123 0.01608579 0.03104213]
 [0.03836317 0.65022422 0.0246085  0.02144772 0.24833703]
 [0.05626598 0.0044843  0.88590604 0.01340483 0.01995565]
 [0.04859335 0.03139013 0.00671141 0.92761394 0.02439024]
 [0.03069054 0.25112108 0.01342282 0.02144772 0.67627494]]
matrix:[[0.8480663  0.06748466 0.12449799 0.02710027 0.04259635]
 [0.0359116  0.70552147 0.01807229 0.01626016 0.27991886]
 [0.05801105 0.01226994 0.81927711 0.02439024 0.01825558]
 [0.02486188 0.02453988 0.02409639 0.88888889 0.02434077]
 [0.03314917 0.19018405 0.01405622 0.04336043 0.63488844]]
matrix:[[0.7662037  0.04761905 0.08409091 0.03266332 0.03755869]
 [0.07407407 0.68783069 0.02727273 0.02512563 0.19483568]
 [0.09722222 0.01587302 0.85227273 0.0201005  0.01877934]
 [0.03935185 0.02116402 0.01590909 0.87688442 0.0258216 ]
 [0.02314815 0.22751323 0.02045455 0.04522613 0.72300469]]
matrix:[[0.81185567 0.05755396 0.10438413 0.04456825 0.03461538]
 [0.03608247 0.71942446 0.03549061 0.03064067 0.275     ]
 [0.06958763 0.00719424 0.82254697 0.03342618 0.025     ]
 [0.0257732  0.05035971 0.01461378 0.8551532  0.01730769]
 [0.05670103 0.16546763 0.02296451 0.0362117  0.64807692]]
