matrix:[[0.19872306 0.25806452 0.2406639  0.23809524 0.24      ]
 [0.17557861 0.30645161 0.07676349 0.19047619 0.08      ]
 [0.1971269  0.22580645 0.36099585 0.23809524 0.36      ]
 [0.2019154  0.16129032 0.2033195  0.15873016 0.28      ]
 [0.22665603 0.0483871  0.11825726 0.17460317 0.04      ]]
matrix:[[0.31944444 0.33333333 0.15620438 0.45454545 0.23915051]
 [0.125      0.08333333 0.24087591 0.18181818 0.08587258]
 [0.26388889 0.         0.13868613 0.         0.29639889]
 [0.13888889 0.41666667 0.16934307 0.27272727 0.19113573]
 [0.15277778 0.16666667 0.29489051 0.09090909 0.18744229]]
matrix:[[0.19114471 0.14556962 0.26849315 0.26767677 0.15      ]
 [0.07019438 0.25949367 0.08767123 0.36363636 0.2125    ]
 [0.28077754 0.17088608 0.31780822 0.06565657 0.1125    ]
 [0.28725702 0.06329114 0.12328767 0.08080808 0.3125    ]
 [0.17062635 0.36075949 0.20273973 0.22222222 0.2125    ]]
matrix:[[0.12683824 0.26960784 0.25342466 0.32618026 0.16523605]
 [0.22610294 0.02941176 0.03196347 0.05150215 0.30686695]
 [0.11764706 0.31862745 0.5456621  0.12017167 0.10085837]
 [0.23897059 0.24509804 0.06392694 0.46351931 0.13090129]
 [0.29044118 0.1372549  0.10502283 0.03862661 0.29613734]]
matrix:[[0.14534884 0.25       0.29562044 0.18728522 0.19261214]
 [0.27325581 0.09375    0.17153285 0.14948454 0.01319261]
 [0.09011628 0.15625    0.12043796 0.24398625 0.52242744]
 [0.19767442 0.125      0.12408759 0.23539519 0.20316623]
 [0.29360465 0.375      0.28832117 0.1838488  0.06860158]]
matrix:[[0.16054159 0.23242188 0.22058824 0.21879022 0.        ]
 [0.17021277 0.07617188 0.20588235 0.18532819 0.36363636]
 [0.11605416 0.43945312 0.20588235 0.16087516 0.18181818]
 [0.29400387 0.16601562 0.22058824 0.16988417 0.27272727]
 [0.25918762 0.0859375  0.14705882 0.26512227 0.18181818]]
matrix:[[0.22190202 0.52380952 0.33333333 0.21448468 0.0877193 ]
 [0.28818444 0.14285714 0.08333333 0.11977716 0.10526316]
 [0.12391931 0.23809524 0.25       0.28342618 0.01754386]
 [0.13544669 0.04761905 0.16666667 0.18245125 0.71929825]
 [0.23054755 0.04761905 0.16666667 0.19986072 0.07017544]]
matrix:[[0.26492942 0.19354839 0.17183099 0.31868132 0.09390863]
 [0.082519   0.10483871 0.36901408 0.13186813 0.13451777]
 [0.38219327 0.15322581 0.04507042 0.20879121 0.10152284]
 [0.14983713 0.23387097 0.04507042 0.20879121 0.4213198 ]
 [0.12052117 0.31451613 0.36901408 0.13186813 0.24873096]]
matrix:[[0.29787234 0.23783784 0.2173913  0.23529412 0.16932907]
 [0.06382979 0.16891892 0.26086957 0.25       0.11075612]
 [0.36170213 0.26486486 0.17391304 0.14705882 0.23855165]
 [0.04255319 0.13243243 0.13043478 0.16911765 0.24600639]
 [0.23404255 0.19594595 0.2173913  0.19852941 0.23535676]]
matrix:[[0.27248677 0.23333333 0.20689655 0.30810811 0.16846473]
 [0.05555556 0.1        0.05747126 0.11351351 0.17842324]
 [0.33597884 0.1        0.59770115 0.36756757 0.18506224]
 [0.16931217 0.46666667 0.09195402 0.14594595 0.1966805 ]
 [0.16666667 0.1        0.04597701 0.06486486 0.27136929]]
