matrix:[[0.23636364 0.10513447 0.26315789 0.10404624 0.15384615]
 [0.19037433 0.15158924 0.07017544 0.0982659  0.19230769]
 [0.19786096 0.200489   0.4005848  0.29479769 0.34615385]
 [0.18502674 0.22738386 0.11988304 0.27745665 0.11538462]
 [0.19037433 0.31540342 0.14619883 0.22543353 0.19230769]]
matrix:[[0.20926518 0.21495327 0.13903743 0.22303665 0.2       ]
 [0.09904153 0.1682243  0.31550802 0.17068063 0.        ]
 [0.32587859 0.12149533 0.32620321 0.16753927 0.2       ]
 [0.20127796 0.25233645 0.0855615  0.19895288 0.4       ]
 [0.16453674 0.24299065 0.13368984 0.23979058 0.2       ]]
matrix:[[0.         0.22711864 0.21036889 0.17269076 0.275     ]
 [0.         0.14576271 0.13459621 0.23293173 0.125     ]
 [1.         0.2        0.29212363 0.17269076 0.05      ]
 [0.         0.16610169 0.17946162 0.21686747 0.2       ]
 [0.         0.26101695 0.18344965 0.20481928 0.35      ]]
matrix:[[0.5        0.4        0.18248945 0.21760391 0.22727273]
 [0.         0.14736842 0.07700422 0.23838631 0.22727273]
 [0.         0.24210526 0.3185654  0.15770171 0.18181818]
 [0.5        0.11578947 0.25843882 0.11491443 0.09090909]
 [0.         0.09473684 0.16350211 0.27139364 0.27272727]]
matrix:[[0.17370892 0.02941176 0.2768595  0.25730337 0.13899614]
 [0.21126761 0.32352941 0.05785124 0.16516854 0.05405405]
 [0.1314554  0.11764706 0.40909091 0.21797753 0.35135135]
 [0.24882629 0.05882353 0.11983471 0.13932584 0.30888031]
 [0.23474178 0.47058824 0.13636364 0.22022472 0.14671815]]
matrix:[[0.1        0.25530303 0.10309278 0.13354037 0.        ]
 [0.         0.12121212 0.19072165 0.26397516 0.24137931]
 [0.05       0.28560606 0.10824742 0.14596273 0.03448276]
 [0.6        0.17575758 0.08762887 0.18322981 0.51724138]
 [0.25       0.16212121 0.51030928 0.27329193 0.20689655]]
matrix:[[0.21235103 0.15677321 0.         0.26605505 0.18041237]
 [0.11050921 0.15525114 0.         0.31192661 0.21649485]
 [0.34019502 0.19178082 0.         0.17431193 0.09793814]
 [0.12459372 0.28310502 1.         0.0733945  0.22164948]
 [0.21235103 0.2130898  0.         0.17431193 0.28350515]]
matrix:[[0.14358974 0.27067669 0.25       0.19641332 0.25      ]
 [0.26153846 0.0877193  0.01041667 0.15798463 0.20833333]
 [0.33846154 0.26817043 0.65625    0.19897523 0.08333333]
 [0.03589744 0.23809524 0.07291667 0.205807   0.20833333]
 [0.22051282 0.13533835 0.01041667 0.24081981 0.25      ]]
matrix:[[0.15957447 0.16718266 0.         0.09552239 0.3071161 ]
 [0.26595745 0.14396285 0.         0.31641791 0.0474407 ]
 [0.0106383  0.11455108 0.33333333 0.09253731 0.42696629]
 [0.14893617 0.29721362 0.22222222 0.1880597  0.11111111]
 [0.41489362 0.27708978 0.44444444 0.30746269 0.10736579]]
matrix:[[0.13312693 0.         0.26530612 0.25       0.19905213]
 [0.20433437 0.         0.08843537 0.10299003 0.27962085]
 [0.11455108 0.         0.21768707 0.29734219 0.12796209]
 [0.39318885 0.         0.2244898  0.15697674 0.03791469]
 [0.15479876 0.         0.20408163 0.19269103 0.35545024]]
