matrix:[[0.11055276 0.35294118 0.23893805 0.20289855 0.20537897]
 [0.29145729 0.23529412 0.12094395 0.17391304 0.13039935]
 [0.09547739 0.17647059 0.20058997 0.24637681 0.28769356]
 [0.1959799  0.21568627 0.27728614 0.13043478 0.16870416]
 [0.30653266 0.01960784 0.16224189 0.24637681 0.20782396]]
matrix:[[0.23529412 0.21506849 0.16524702 0.11235955 0.27639752]
 [0.11764706 0.07534247 0.11925043 0.41011236 0.20807453]
 [0.23529412 0.3630137  0.26064736 0.06179775 0.12732919]
 [0.25       0.13013699 0.25553663 0.15730337 0.26086957]
 [0.16176471 0.21643836 0.19931857 0.25842697 0.12732919]]
matrix:[[0.47826087 0.15202703 0.12755102 0.22417355 0.38834951]
 [0.34782609 0.16216216 0.12244898 0.17355372 0.04854369]
 [0.08695652 0.18581081 0.36734694 0.22417355 0.25728155]
 [0.08695652 0.23648649 0.23979592 0.15392562 0.16019417]
 [0.         0.26351351 0.14285714 0.22417355 0.14563107]]
matrix:[[0.23076923 0.14049587 0.18810811 0.49180328 0.23829787]
 [0.13765182 0.20661157 0.13189189 0.1557377  0.1       ]
 [0.2145749  0.33057851 0.22594595 0.13934426 0.22553191]
 [0.28744939 0.08264463 0.15891892 0.10655738 0.25319149]
 [0.12955466 0.23966942 0.29513514 0.10655738 0.18297872]]
matrix:[[0.13402062 0.         0.234375   0.20561798 0.21627907]
 [0.11340206 0.15       0.109375   0.18651685 0.1255814 ]
 [0.01030928 0.15       0.33035714 0.18651685 0.3744186 ]
 [0.59793814 0.05       0.140625   0.1494382  0.18604651]
 [0.1443299  0.65       0.18526786 0.27191011 0.09767442]]
matrix:[[0.20224719 0.13934426 0.17857143 0.21443588 0.26027397]
 [0.12359551 0.17213115 0.5        0.14716188 0.15981735]
 [0.25842697 0.31967213 0.17857143 0.24316748 0.2283105 ]
 [0.17977528 0.17213115 0.10714286 0.20322355 0.06392694]
 [0.23595506 0.19672131 0.03571429 0.19201121 0.28767123]]
matrix:[[0.04166667 0.23684211 0.16201117 0.37844612 0.06883365]
 [0.625      0.10394737 0.25698324 0.12781955 0.18929254]
 [0.08333333 0.40526316 0.26256983 0.12030075 0.08221797]
 [0.20833333 0.12368421 0.10614525 0.18796992 0.29445507]
 [0.04166667 0.13026316 0.2122905  0.18546366 0.36520076]]
matrix:[[0.         0.12110092 0.         0.29526462 0.342723  ]
 [0.         0.15963303 1.         0.07799443 0.16197183]
 [0.55555556 0.25963303 0.         0.32869081 0.17605634]
 [0.44444444 0.19816514 0.         0.13370474 0.23004695]
 [0.         0.26146789 0.         0.1643454  0.08920188]]
matrix:[[0.15       0.20325203 0.18055556 0.11585366 0.22558923]
 [0.1        0.14363144 0.05555556 0.22560976 0.15319865]
 [0.1        0.24932249 0.46527778 0.23170732 0.22138047]
 [0.35       0.22493225 0.125      0.1097561  0.20538721]
 [0.3        0.17886179 0.17361111 0.31707317 0.19444444]]
matrix:[[0.19554031 0.12138728 0.32807571 0.26029963 0.08571429]
 [0.13379074 0.22543353 0.170347   0.03183521 0.2952381 ]
 [0.12692967 0.12427746 0.18611987 0.54307116 0.08571429]
 [0.31217839 0.20231214 0.12618297 0.1011236  0.0952381 ]
 [0.23156089 0.3265896  0.18927445 0.06367041 0.43809524]]
