matrix:[[0.9030303  0.07352941 0.05387931 0.03389831 0.03870968]
 [0.03636364 0.78676471 0.01293103 0.02259887 0.16344086]
 [0.03939394 0.02205882 0.89655172 0.01129944 0.02365591]
 [0.0030303  0.01838235 0.01293103 0.90960452 0.02365591]
 [0.01818182 0.09926471 0.0237069  0.02259887 0.75053763]]
matrix:[[0.88295165 0.04942966 0.04157549 0.01657459 0.01707317]
 [0.02290076 0.82889734 0.0131291  0.01933702 0.08292683]
 [0.06870229 0.         0.91247265 0.01104972 0.0195122 ]
 [0.01526718 0.01901141 0.00875274 0.92265193 0.00731707]
 [0.01017812 0.1026616  0.02407002 0.03038674 0.87317073]]
matrix:[[0.856      0.08253968 0.04545455 0.01639344 0.02570694]
 [0.04       0.7015873  0.01363636 0.01092896 0.09511568]
 [0.06666667 0.02539683 0.91590909 0.02459016 0.01799486]
 [0.02666667 0.01269841 0.01363636 0.90437158 0.00771208]
 [0.01066667 0.17777778 0.01136364 0.04371585 0.85347044]]
matrix:[[0.85978836 0.0530303  0.04273504 0.0298913  0.02211302]
 [0.02910053 0.83712121 0.01282051 0.01902174 0.09336609]
 [0.07407407 0.01136364 0.91239316 0.01358696 0.01965602]
 [0.01851852 0.00757576 0.01709402 0.92391304 0.02211302]
 [0.01851852 0.09090909 0.01495726 0.01358696 0.84275184]]
matrix:[[0.82420091 0.03896104 0.05752212 0.01351351 0.03045685]
 [0.06849315 0.82683983 0.01769912 0.01081081 0.1142132 ]
 [0.05479452 0.00865801 0.88716814 0.01891892 0.01015228]
 [0.03196347 0.02164502 0.00884956 0.93783784 0.00507614]
 [0.02054795 0.1038961  0.02876106 0.01891892 0.84010152]]
matrix:[[0.89873418 0.08076923 0.04849885 0.04450262 0.02891566]
 [0.02278481 0.81153846 0.00692841 0.01832461 0.10843373]
 [0.04810127 0.01153846 0.91685912 0.01308901 0.01445783]
 [0.01518987 0.01923077 0.01616628 0.88743455 0.0313253 ]
 [0.01518987 0.07692308 0.01154734 0.03664921 0.81686747]]
matrix:[[0.82409639 0.0513834  0.06451613 0.01282051 0.02798982]
 [0.07228916 0.79051383 0.01612903 0.00769231 0.1043257 ]
 [0.05783133 0.00395257 0.90322581 0.01538462 0.0178117 ]
 [0.01686747 0.01581028 0.00460829 0.93846154 0.01272265]
 [0.02891566 0.13833992 0.01152074 0.02564103 0.83715013]]
matrix:[[0.8488665  0.05859375 0.03030303 0.02557545 0.0315534 ]
 [0.04030227 0.84765625 0.00932401 0.03069054 0.10679612]
 [0.07052897 0.01953125 0.94172494 0.02046036 0.01456311]
 [0.0302267  0.01171875 0.004662   0.90792839 0.01699029]
 [0.01007557 0.0625     0.01398601 0.01534527 0.83009709]]
matrix:[[0.80645161 0.03846154 0.04265403 0.01453488 0.02756892]
 [0.06221198 0.77622378 0.01184834 0.00581395 0.12030075]
 [0.05299539 0.02797203 0.92417062 0.00290698 0.01754386]
 [0.0483871  0.01048951 0.00947867 0.95930233 0.02506266]
 [0.02995392 0.14685315 0.01184834 0.01744186 0.80952381]]
matrix:[[0.88442211 0.02966102 0.0661157  0.03225806 0.03544304]
 [0.03015075 0.83898305 0.00826446 0.00806452 0.10379747]
 [0.03768844 0.01271186 0.88842975 0.04032258 0.01012658]
 [0.01507538 0.01271186 0.02066116 0.90322581 0.01012658]
 [0.03266332 0.1059322  0.01652893 0.01612903 0.84050633]]
