matrix:[[0.32413793 0.23774955 0.12939522 0.17241379 0.18238994]
 [0.08965517 0.06533575 0.23347398 0.4137931  0.23899371]
 [0.31724138 0.39201452 0.09423347 0.17241379 0.22012579]
 [0.12183908 0.18330309 0.24613221 0.10344828 0.10691824]
 [0.14712644 0.1215971  0.29676512 0.13793103 0.25157233]]
matrix:[[0.36525612 0.07407407 0.23293173 0.10034602 0.18685832]
 [0.05790646 0.16666667 0.09638554 0.19377163 0.24229979]
 [0.45657016 0.10493827 0.30722892 0.24567474 0.05338809]
 [0.08017817 0.37037037 0.13654618 0.08304498 0.32032854]
 [0.04008909 0.28395062 0.22690763 0.37716263 0.19712526]]
matrix:[[0.15686275 0.12025316 0.09       0.33766234 0.26807229]
 [0.00980392 0.08860759 0.3        0.06349206 0.07831325]
 [0.5        0.29746835 0.09333333 0.38383838 0.15361446]
 [0.26470588 0.25316456 0.125      0.15295815 0.3313253 ]
 [0.06862745 0.24050633 0.39166667 0.06204906 0.1686747 ]]
matrix:[[0.22116689 0.25454545 0.16239316 0.11219512 0.32352941]
 [0.1302578  0.18181818 0.32478632 0.15609756 0.08823529]
 [0.29375848 0.03636364 0.03418803 0.13170732 0.20588235]
 [0.14789688 0.27272727 0.17948718 0.45853659 0.23529412]
 [0.20691995 0.25454545 0.2991453  0.14146341 0.14705882]]
matrix:[[0.         0.13561077 0.27272727 0.21341463 0.30282638]
 [0.         0.22463768 0.         0.06707317 0.05787349]
 [0.         0.13043478 0.         0.64634146 0.31224764]
 [1.         0.2184265  0.54545455 0.01219512 0.20995962]
 [0.         0.29089027 0.18181818 0.06097561 0.11709287]]
matrix:[[0.11913357 0.25444444 0.28       0.22222222 0.4       ]
 [0.17087846 0.12888889 0.1        0.11111111 0.17894737]
 [0.19133574 0.29333333 0.08       0.22222222 0.09473684]
 [0.24548736 0.13555556 0.4        0.44444444 0.18947368]
 [0.27316486 0.18777778 0.14       0.         0.13684211]]
matrix:[[0.22503161 0.23602484 0.23958333 0.12658228 0.1       ]
 [0.07964602 0.34782609 0.17361111 0.23628692 0.16666667]
 [0.34386852 0.06832298 0.22048611 0.12658228 0.18333333]
 [0.22250316 0.0621118  0.14409722 0.21940928 0.25833333]
 [0.1289507  0.28571429 0.22222222 0.29113924 0.29166667]]
matrix:[[0.23835616 0.16216216 0.16       0.07843137 0.20260223]
 [0.19178082 0.05405405 0.28       0.07843137 0.08921933]
 [0.23744292 0.21621622 0.2        0.09803922 0.34572491]
 [0.0913242  0.41891892 0.28       0.56862745 0.2267658 ]
 [0.24109589 0.14864865 0.08       0.17647059 0.13568773]]
matrix:[[0.1076555  0.39568345 0.16931217 0.24       0.10909091]
 [0.06220096 0.13429257 0.22116402 0.1        0.01818182]
 [0.31818182 0.28057554 0.17037037 0.32       0.29090909]
 [0.3492823  0.117506   0.13968254 0.26       0.50909091]
 [0.16267943 0.07194245 0.2994709  0.08       0.07272727]]
matrix:[[0.25358852 0.10752688 0.18283582 0.22024291 0.0625    ]
 [0.33492823 0.24731183 0.05597015 0.13603239 0.075     ]
 [0.20095694 0.12903226 0.38432836 0.23562753 0.125     ]
 [0.02870813 0.31182796 0.24626866 0.17894737 0.5       ]
 [0.18181818 0.20430108 0.13059701 0.2291498  0.2375    ]]
