matrix:[[0.78846154 0.29982047 0.22641509 0.         0.06484642]
 [0.         0.31777379 0.04063861 0.         0.11774744]
 [0.03846154 0.01974865 0.6095791  0.         0.02730375]
 [0.17307692 0.31059246 0.10740203 1.         0.1774744 ]
 [0.         0.05206463 0.01596517 0.         0.61262799]]
matrix:[[0.66245487 0.         0.04651163 0.01949861 0.02583026]
 [0.19133574 0.         0.01627907 0.0724234  0.2601476 ]
 [0.0866426  0.         0.92093023 0.01671309 0.01845018]
 [0.03610108 0.         0.01395349 0.88300836 0.0202952 ]
 [0.0234657  0.         0.00232558 0.00835655 0.67527675]]
matrix:[[0.86240786 0.03409091 0.08533917 0.01416431 0.03465347]
 [0.02948403 0.84090909 0.0131291  0.01983003 0.10891089]
 [0.05405405 0.01136364 0.86870897 0.02266289 0.01732673]
 [0.02948403 0.01136364 0.02625821 0.90934844 0.01732673]
 [0.02457002 0.10227273 0.00656455 0.03399433 0.82178218]]
matrix:[[0.6745098  0.         0.05428571 0.0237037  0.        ]
 [0.17058824 0.         0.14571429 0.15259259 0.        ]
 [0.02941176 0.         0.61571429 0.02222222 0.        ]
 [0.01176471 0.         0.01       0.49481481 0.        ]
 [0.11372549 0.         0.17428571 0.30666667 0.        ]]
matrix:[[0.78908189 0.04010025 0.09394904 0.         0.01978022]
 [0.03970223 0.53634085 0.02547771 0.         0.06153846]
 [0.03225806 0.01002506 0.68949045 0.         0.01758242]
 [0.12406948 0.30075188 0.17834395 0.         0.20659341]
 [0.01488834 0.11278195 0.01273885 0.         0.69450549]]
matrix:[[0.76614699 0.         0.04294479 0.04156479 0.03903346]
 [0.12249443 0.         0.05112474 0.0806846  0.33457249]
 [0.04231626 0.         0.86503067 0.02200489 0.01115242]
 [0.0311804  0.         0.01635992 0.78973105 0.02788104]
 [0.03786192 0.         0.02453988 0.06601467 0.58736059]]
matrix:[[0.82051282 0.07751938 0.06581741 0.02051282 0.02393617]
 [0.04615385 0.76744186 0.01910828 0.04871795 0.08510638]
 [0.07948718 0.01550388 0.88535032 0.01282051 0.02393617]
 [0.02307692 0.04263566 0.02123142 0.87179487 0.01861702]
 [0.03076923 0.09689922 0.00849257 0.04615385 0.84840426]]
matrix:[[1.         0.44130435 0.18632479 0.12405063 0.06122449]
 [0.         0.47173913 0.01709402 0.01518987 0.09977324]
 [0.         0.01521739 0.78461538 0.01772152 0.00907029]
 [0.         0.00869565 0.00683761 0.83037975 0.0430839 ]
 [0.         0.06304348 0.00512821 0.01265823 0.78684807]]
matrix:[[0.88821752 0.07511737 0.11259542 0.01917808 0.03097345]
 [0.05135952 0.81690141 0.02862595 0.01369863 0.14823009]
 [0.01208459 0.00938967 0.82251908 0.01369863 0.02433628]
 [0.01510574 0.00469484 0.01717557 0.91780822 0.02212389]
 [0.03323263 0.09389671 0.01908397 0.03561644 0.77433628]]
matrix:[[0.85406699 0.06293706 0.05       0.0221519  0.01975309]
 [0.05502392 0.76573427 0.02173913 0.00632911 0.10123457]
 [0.05023923 0.03146853 0.90217391 0.01582278 0.02716049]
 [0.01913876 0.02097902 0.0173913  0.93037975 0.02469136]
 [0.0215311  0.11888112 0.00869565 0.02531646 0.82716049]]
