matrix:[[0.85463659 0.05576208 0.0326087  0.03089888 0.02493766]
 [0.06516291 0.82899628 0.01521739 0.01966292 0.0872818 ]
 [0.05263158 0.00743494 0.9326087  0.00842697 0.02493766]
 [0.01754386 0.00743494 0.00652174 0.91853933 0.03241895]
 [0.01002506 0.10037175 0.01304348 0.02247191 0.83042394]]
matrix:[[0.89572193 0.07189542 0.07264957 0.03631285 0.01583113]
 [0.01871658 0.7875817  0.01282051 0.00837989 0.06596306]
 [0.05080214 0.01960784 0.88034188 0.03351955 0.01583113]
 [0.01336898 0.02941176 0.01923077 0.90502793 0.01846966]
 [0.02139037 0.09150327 0.01495726 0.01675978 0.88390501]]
matrix:[[0.91428571 0.04395604 0.05995717 0.02762431 0.02078522]
 [0.02857143 0.82417582 0.01927195 0.01381215 0.09699769]
 [0.03714286 0.01831502 0.89293362 0.01381215 0.01847575]
 [0.00857143 0.01465201 0.01070664 0.93922652 0.00461894]
 [0.01142857 0.0989011  0.01713062 0.00552486 0.8591224 ]]
matrix:[[0.83863081 0.06666667 0.05894737 0.02077151 0.0195599 ]
 [0.05867971 0.79215686 0.01684211 0.01186944 0.10513447]
 [0.07579462 0.00392157 0.89263158 0.02670623 0.01222494]
 [0.01222494 0.02352941 0.01263158 0.91097923 0.02933985]
 [0.01466993 0.11372549 0.01894737 0.02967359 0.83374083]]
matrix:[[0.86595174 0.06844106 0.04536082 0.01149425 0.03605769]
 [0.04825737 0.77186312 0.02680412 0.01436782 0.11538462]
 [0.04289544 0.01140684 0.90721649 0.         0.02163462]
 [0.03753351 0.01140684 0.01443299 0.93678161 0.02403846]
 [0.00536193 0.13688213 0.00618557 0.03735632 0.80288462]]
matrix:[[0.8714653  0.02875399 0.04175365 0.01449275 0.01671309]
 [0.03856041 0.77316294 0.01043841 0.0115942  0.06128134]
 [0.05141388 0.02236422 0.92484342 0.0173913  0.02506964]
 [0.01542416 0.01277955 0.0125261  0.94492754 0.00835655]
 [0.02313625 0.1629393  0.01043841 0.0115942  0.88857939]]
matrix:[[0.88857143 0.06397306 0.05664062 0.02234637 0.02445652]
 [0.02       0.75757576 0.00976562 0.03072626 0.03804348]
 [0.05142857 0.03030303 0.90625    0.02513966 0.01358696]
 [0.02       0.02020202 0.01171875 0.91061453 0.01630435]
 [0.02       0.12794613 0.015625   0.01117318 0.9076087 ]]
matrix:[[0.82850242 0.06315789 0.04       0.02586207 0.02479339]
 [0.06280193 0.8        0.01263158 0.02873563 0.07162534]
 [0.07729469 0.         0.92421053 0.02011494 0.01101928]
 [0.01449275 0.01754386 0.01684211 0.89942529 0.01652893]
 [0.01690821 0.11929825 0.00631579 0.02586207 0.87603306]]
matrix:[[0.86341463 0.03271028 0.06329114 0.0278481  0.01020408]
 [0.06829268 0.85514019 0.02531646 0.01265823 0.11734694]
 [0.03170732 0.02336449 0.88607595 0.02531646 0.01530612]
 [0.02195122 0.0046729  0.00843882 0.87594937 0.0127551 ]
 [0.01463415 0.08411215 0.01687764 0.05822785 0.84438776]]
matrix:[[0.87350835 0.06751055 0.0430839  0.01902174 0.02380952]
 [0.03102625 0.8185654  0.01360544 0.01086957 0.12857143]
 [0.0477327  0.01265823 0.92743764 0.0298913  0.01666667]
 [0.03341289 0.         0.00453515 0.91032609 0.02857143]
 [0.01431981 0.10126582 0.01133787 0.0298913  0.80238095]]
