matrix:[[0.76470588 0.12       0.12095032 0.01126761 0.04340278]
 [0.02813299 0.73       0.02807775 0.01971831 0.29861111]
 [0.11764706 0.08       0.81425486 0.02253521 0.02777778]
 [0.03324808 0.         0.01943844 0.92394366 0.03993056]
 [0.05626598 0.07       0.01727862 0.02253521 0.59027778]]
matrix:[[0.85031847 0.03448276 0.10440835 0.02346041 0.112     ]
 [0.0477707  0.76436782 0.0324826  0.02639296 0.1808    ]
 [0.04458599 0.00574713 0.83294664 0.02932551 0.1104    ]
 [0.         0.         0.01160093 0.8914956  0.0832    ]
 [0.05732484 0.1954023  0.01856148 0.02932551 0.5136    ]]
matrix:[[0.82768362 0.03246753 0.09919028 0.02912621 0.03470032]
 [0.04237288 0.57792208 0.01821862 0.02184466 0.11987382]
 [0.07909605 0.0487013  0.84210526 0.05582524 0.03470032]
 [0.01129944 0.01298701 0.02631579 0.84951456 0.02208202]
 [0.03954802 0.32792208 0.01417004 0.04368932 0.78864353]]
matrix:[[0.84556962 0.02283105 0.0785124  0.0188172  0.04578313]
 [0.05316456 0.64383562 0.01652893 0.0188172  0.18554217]
 [0.05316456 0.01826484 0.8677686  0.02688172 0.00963855]
 [0.02278481 0.         0.0268595  0.91129032 0.02650602]
 [0.02531646 0.31506849 0.01033058 0.02419355 0.73253012]]
matrix:[[0.8537234  0.04273504 0.09306931 0.02228412 0.03406326]
 [0.05053191 0.75641026 0.01782178 0.03064067 0.16301703]
 [0.05053191 0.02991453 0.86336634 0.02785515 0.02919708]
 [0.01595745 0.01709402 0.01386139 0.89972145 0.01703163]
 [0.02925532 0.15384615 0.01188119 0.01949861 0.756691  ]]
matrix:[[0.4481383  0.09045226 0.05696203 0.03571429 0.03863636]
 [0.03191489 0.63819095 0.05696203 0.0327381  0.19545455]
 [0.43218085 0.02512563 0.82911392 0.0327381  0.01818182]
 [0.06781915 0.02512563 0.02531646 0.85416667 0.03181818]
 [0.01994681 0.22110553 0.03164557 0.04464286 0.71590909]]
matrix:[[0.69444444 0.20430108 0.23712949 0.1048951  0.05035971]
 [0.09722222 0.51075269 0.02028081 0.04195804 0.23381295]
 [0.03703704 0.06989247 0.65210608 0.02447552 0.02697842]
 [0.11111111 0.12903226 0.06864275 0.8041958  0.08633094]
 [0.06018519 0.08602151 0.02184087 0.02447552 0.60251799]]
matrix:[[0.80235294 0.05726872 0.04318182 0.01983003 0.02954545]
 [0.04470588 0.7753304  0.02727273 0.01699717 0.15454545]
 [0.08705882 0.02202643 0.92045455 0.01983003 0.01590909]
 [0.04235294 0.02643172 0.00909091 0.90651558 0.03181818]
 [0.02352941 0.11894273 0.         0.0368272  0.76818182]]
matrix:[[0.82945736 0.00515464 0.09179688 0.01857585 0.04051173]
 [0.0620155  0.90721649 0.015625   0.01857585 0.14498934]
 [0.05426357 0.00515464 0.8515625  0.0123839  0.00852878]
 [0.02325581 0.00515464 0.02929688 0.9380805  0.01705757]
 [0.03100775 0.07731959 0.01171875 0.0123839  0.78891258]]
matrix:[[0.81377551 0.01895735 0.07786885 0.01396648 0.02752294]
 [0.06887755 0.74881517 0.02663934 0.02234637 0.16513761]
 [0.05612245 0.00947867 0.84836066 0.01675978 0.02293578]
 [0.03826531 0.00473934 0.02663934 0.9301676  0.02522936]
 [0.02295918 0.21800948 0.0204918  0.01675978 0.75917431]]
