matrix:[[0.24242424 0.22382671 0.20241692 0.16580311 0.23966942]
 [0.06818182 0.19945848 0.08459215 0.16580311 0.04958678]
 [0.34848485 0.18050542 0.3021148  0.37305699 0.15702479]
 [0.1969697  0.14530686 0.32024169 0.11917098 0.41322314]
 [0.14393939 0.25090253 0.09063444 0.1761658  0.14049587]]
matrix:[[0.15806988 0.18823529 0.23269231 0.15       0.15827338]
 [0.2063228  0.12941176 0.10192308 0.         0.20143885]
 [0.11148087 0.24705882 0.31346154 0.1        0.43884892]
 [0.2562396  0.25882353 0.15480769 0.7        0.07913669]
 [0.26788686 0.17647059 0.19711538 0.05       0.12230216]]
matrix:[[0.24539877 0.25550122 0.4        0.14334471 0.09333333]
 [0.14417178 0.13202934 0.4        0.16723549 0.24      ]
 [0.26380368 0.27628362 0.         0.2337884  0.2       ]
 [0.17484663 0.13447433 0.         0.25426621 0.13333333]
 [0.17177914 0.20171149 0.2        0.20136519 0.33333333]]
matrix:[[0.10989011 0.3373494  0.35714286 0.29064039 0.33505155]
 [0.1989011  0.1686747  0.10204082 0.07635468 0.11597938]
 [0.1956044  0.21686747 0.13265306 0.33497537 0.27319588]
 [0.18131868 0.21686747 0.18367347 0.15024631 0.18814433]
 [0.31428571 0.06024096 0.2244898  0.14778325 0.08762887]]
matrix:[[0.2        0.22477064 0.11609499 0.22857143 0.28571429]
 [0.0974359  0.1146789  0.25065963 0.12857143 0.17714286]
 [0.46153846 0.18807339 0.16622691 0.25285714 0.25714286]
 [0.07179487 0.29357798 0.16094987 0.19       0.08      ]
 [0.16923077 0.17889908 0.3060686  0.2        0.2       ]]
matrix:[[0.28429204 0.375      0.         0.09776536 0.28515625]
 [0.125      0.125      0.         0.21648045 0.109375  ]
 [0.38274336 0.375      0.         0.10335196 0.09765625]
 [0.10176991 0.         1.         0.23324022 0.33984375]
 [0.10619469 0.125      0.         0.34916201 0.16796875]]
matrix:[[0.16666667 0.1819209  0.15165877 0.25169147 0.23684211]
 [0.25       0.15480226 0.12322275 0.14073072 0.13157895]
 [0.         0.21355932 0.28436019 0.29634641 0.02631579]
 [0.5        0.20225989 0.20853081 0.1217862  0.44736842]
 [0.08333333 0.24745763 0.23222749 0.1894452  0.15789474]]
matrix:[[0.168      0.30944625 0.19620853 0.15217391 0.21895425]
 [0.272      0.05537459 0.14881517 0.08695652 0.1372549 ]
 [0.088      0.34201954 0.23317536 0.30434783 0.25490196]
 [0.16       0.1237785  0.20094787 0.32608696 0.22875817]
 [0.312      0.16938111 0.22085308 0.13043478 0.16013072]]
matrix:[[0.13945173 0.40406977 0.29288703 0.15923567 0.16778523]
 [0.23718713 0.0377907  0.0209205  0.19426752 0.1409396 ]
 [0.11203814 0.38372093 0.42259414 0.24203822 0.25503356]
 [0.27175209 0.11046512 0.15899582 0.0955414  0.1409396 ]
 [0.23957092 0.06395349 0.10460251 0.3089172  0.29530201]]
matrix:[[0.46276596 0.30208333 0.18226601 0.13777778 0.25339367]
 [0.10106383 0.05208333 0.21674877 0.1437037  0.09502262]
 [0.24468085 0.57291667 0.0952381  0.25925926 0.31674208]
 [0.09574468 0.05208333 0.12643678 0.29333333 0.19457014]
 [0.09574468 0.02083333 0.37931034 0.16592593 0.14027149]]
