matrix:[[0.86578947 0.0487013  0.07296137 0.03804348 0.03305785]
 [0.05789474 0.78896104 0.03004292 0.0326087  0.04683196]
 [0.03684211 0.01948052 0.87124464 0.02445652 0.00550964]
 [0.01315789 0.01298701 0.00643777 0.84782609 0.00550964]
 [0.02631579 0.12987013 0.0193133  0.05706522 0.90909091]]
matrix:[[0.87394958 0.05787781 0.06590909 0.04244032 0.04      ]
 [0.02521008 0.76848875 0.01363636 0.0265252  0.0725    ]
 [0.05322129 0.04501608 0.89090909 0.04244032 0.02      ]
 [0.01680672 0.0096463  0.01818182 0.87533156 0.0175    ]
 [0.03081232 0.11897106 0.01136364 0.0132626  0.85      ]]
matrix:[[0.87113402 0.05769231 0.05066079 0.03361345 0.01604278]
 [0.04381443 0.74038462 0.01101322 0.00560224 0.05347594]
 [0.05412371 0.02564103 0.92290749 0.02521008 0.01871658]
 [0.02319588 0.01602564 0.01101322 0.91876751 0.01069519]
 [0.00773196 0.16025641 0.00440529 0.01680672 0.90106952]]
matrix:[[0.89473684 0.05660377 0.08282828 0.03937008 0.02985075]
 [0.02339181 0.81886792 0.04040404 0.03674541 0.08706468]
 [0.0497076  0.02264151 0.85252525 0.03674541 0.01741294]
 [0.01461988 0.00377358 0.01818182 0.87139108 0.01741294]
 [0.01754386 0.09811321 0.00606061 0.01574803 0.84825871]]
matrix:[[0.90778098 0.07352941 0.09808102 0.03539823 0.03056769]
 [0.02881844 0.73161765 0.00852878 0.02654867 0.13537118]
 [0.03170029 0.04411765 0.84861407 0.02064897 0.02620087]
 [0.02017291 0.04044118 0.03837953 0.90265487 0.01965066]
 [0.01152738 0.11029412 0.00639659 0.01474926 0.78820961]]
matrix:[[0.89218329 0.05841924 0.10462777 0.03856749 0.00826446]
 [0.02425876 0.73539519 0.02816901 0.00826446 0.04132231]
 [0.03773585 0.02749141 0.80885312 0.0137741  0.00550964]
 [0.02695418 0.02061856 0.0362173  0.90633609 0.0137741 ]
 [0.01886792 0.1580756  0.0221328  0.03305785 0.93112948]]
matrix:[[0.9        0.03271028 0.08       0.04255319 0.04175824]
 [0.04411765 0.87383178 0.024      0.04255319 0.11648352]
 [0.03529412 0.01869159 0.872      0.02925532 0.02417582]
 [0.00588235 0.00934579 0.014      0.87765957 0.02637363]
 [0.01470588 0.06542056 0.01       0.00797872 0.79120879]]
matrix:[[0.84126984 0.06451613 0.05454545 0.04461942 0.02659574]
 [0.03968254 0.7483871  0.00227273 0.01049869 0.06648936]
 [0.07671958 0.03870968 0.91590909 0.04199475 0.01595745]
 [0.02910053 0.01935484 0.01590909 0.88713911 0.01861702]
 [0.01322751 0.12903226 0.01136364 0.01574803 0.87234043]]
matrix:[[0.85       0.05333333 0.07081545 0.03351955 0.02362205]
 [0.05       0.75333333 0.027897   0.01675978 0.07349081]
 [0.04210526 0.03666667 0.88626609 0.02513966 0.0183727 ]
 [0.03421053 0.04333333 0.01072961 0.89385475 0.01049869]
 [0.02368421 0.11333333 0.00429185 0.03072626 0.87401575]]
matrix:[[0.85483871 0.05691057 0.08606557 0.0310559  0.03282276]
 [0.07258065 0.8699187  0.01844262 0.01552795 0.13129103]
 [0.03225806 0.01219512 0.875      0.02795031 0.02188184]
 [0.02688172 0.01626016 0.01229508 0.9068323  0.03501094]
 [0.01344086 0.04471545 0.00819672 0.01863354 0.77899344]]
