matrix:[[0.27777778 0.18803419 0.25       0.25220681 0.15007215]
 [0.         0.24786325 0.03409091 0.13997478 0.16883117]
 [0.         0.27350427 0.47727273 0.2408575  0.17893218]
 [0.61111111 0.09401709 0.12121212 0.21059269 0.20634921]
 [0.11111111 0.1965812  0.11742424 0.15636822 0.2958153 ]]
matrix:[[0.08333333 0.17391304 0.1943734  0.2370452  0.03883495]
 [0.16666667 0.24637681 0.08823529 0.18853363 0.30097087]
 [0.33333333 0.2173913  0.32097187 0.2061742  0.02912621]
 [0.25       0.20289855 0.16112532 0.17750827 0.46601942]
 [0.16666667 0.15942029 0.23529412 0.1907387  0.16504854]]
matrix:[[0.19891746 0.10670732 0.1        0.24849398 0.27083333]
 [0.14749662 0.13719512 0.2        0.10391566 0.39583333]
 [0.30040595 0.25       0.2        0.21837349 0.04861111]
 [0.09878214 0.36890244 0.2        0.24698795 0.01388889]
 [0.25439783 0.13719512 0.3        0.18222892 0.27083333]]
matrix:[[0.11730205 0.20408163 0.15301724 0.3573201  0.20833333]
 [0.19354839 0.06530612 0.17456897 0.09181141 0.18055556]
 [0.28152493 0.48979592 0.06681034 0.32754342 0.13888889]
 [0.25513196 0.11428571 0.34051724 0.15384615 0.13425926]
 [0.15249267 0.12653061 0.26508621 0.06947891 0.33796296]]
matrix:[[0.11993243 0.         0.32523364 0.1037037  0.22995781]
 [0.1402027  0.14285714 0.03738318 0.27037037 0.29324895]
 [0.21790541 0.35714286 0.43364486 0.07037037 0.18565401]
 [0.2972973  0.42857143 0.08224299 0.19259259 0.11392405]
 [0.22466216 0.07142857 0.12149533 0.36296296 0.17721519]]
matrix:[[0.18166384 0.27272727 0.26344086 0.1598579  0.28658537]
 [0.20203735 0.09090909 0.05555556 0.20959147 0.07926829]
 [0.21901528 0.09090909 0.36021505 0.1651865  0.20731707]
 [0.07809847 0.18181818 0.17741935 0.29662522 0.31097561]
 [0.31918506 0.36363636 0.14336918 0.1687389  0.11585366]]
matrix:[[0.11111111 0.16758027 0.35714286 0.15261044 0.34222222]
 [0.05555556 0.21221613 0.05102041 0.05220884 0.06666667]
 [0.63888889 0.15661707 0.48979592 0.4497992  0.28888889]
 [0.16666667 0.20203602 0.07142857 0.17269076 0.19555556]
 [0.02777778 0.26155051 0.03061224 0.17269076 0.10666667]]
matrix:[[0.23756219 0.23195876 0.10526316 0.19607843 0.06382979]
 [0.10447761 0.18814433 0.21052632 0.1372549  0.14468085]
 [0.23383085 0.31572165 0.31578947 0.21568627 0.04680851]
 [0.18283582 0.10309278 0.10526316 0.19607843 0.55744681]
 [0.24129353 0.16108247 0.26315789 0.25490196 0.18723404]]
matrix:[[0.12865497 0.17857143 0.24162679 0.34606742 0.32374101]
 [0.25730994 0.25       0.06220096 0.05168539 0.02877698]
 [0.17192982 0.21428571 0.17703349 0.3752809  0.5323741 ]
 [0.11695906 0.25       0.44736842 0.10786517 0.07194245]
 [0.3251462  0.10714286 0.07177033 0.11910112 0.04316547]]
matrix:[[0.09473684 0.10891089 0.27579737 0.19912949 0.26829268]
 [0.14736842 0.05445545 0.10318949 0.21001088 0.14634146]
 [0.19473684 0.2029703  0.24015009 0.23503808 0.17073171]
 [0.23157895 0.58415842 0.2120075  0.10228509 0.24390244]
 [0.33157895 0.04950495 0.16885553 0.25353645 0.17073171]]
