matrix:[[0.17610711 0.24390244 0.12426036 0.23369565 0.34302326]
 [0.16580844 0.26341463 0.14201183 0.16032609 0.04651163]
 [0.23892894 0.34634146 0.16568047 0.20108696 0.40116279]
 [0.18640577 0.06341463 0.36094675 0.17391304 0.15697674]
 [0.23274974 0.08292683 0.20710059 0.23097826 0.05232558]]
matrix:[[0.19341126 0.25030084 0.14492754 0.         0.08108108]
 [0.12858661 0.17087846 0.11594203 0.         0.32432432]
 [0.23379384 0.24067389 0.33333333 0.         0.21621622]
 [0.22741764 0.12635379 0.31884058 0.85714286 0.10810811]
 [0.21679065 0.21179302 0.08695652 0.14285714 0.27027027]]
matrix:[[0.20787746 0.36842105 0.2        0.33333333 0.26666667]
 [0.14059081 0.         0.2        0.         0.1       ]
 [0.25328228 0.31578947 0.4        0.33333333 0.06666667]
 [0.18490153 0.15789474 0.         0.33333333 0.2       ]
 [0.21334792 0.15789474 0.2        0.         0.36666667]]
matrix:[[0.25490196 0.17611336 0.13636364 0.1626506  0.24239351]
 [0.07843137 0.1902834  0.31818182 0.14759036 0.13995943]
 [0.54901961 0.17813765 0.04545455 0.13253012 0.30933063]
 [0.09803922 0.24089069 0.27272727 0.18373494 0.15618661]
 [0.01960784 0.2145749  0.22727273 0.37349398 0.15212982]]
matrix:[[0.12714777 0.22264151 0.16666667 0.31088083 0.27009646]
 [0.16494845 0.16698113 0.4        0.13471503 0.07717042]
 [0.07560137 0.26037736 0.16666667 0.30051813 0.3022508 ]
 [0.35738832 0.12924528 0.03333333 0.15025907 0.21221865]
 [0.27491409 0.22075472 0.23333333 0.10362694 0.13826367]]
matrix:[[0.15151515 0.25742574 0.23209664 0.08333333 0.        ]
 [0.39393939 0.1509901  0.12683348 0.20138889 0.        ]
 [0.03030303 0.26732673 0.28559103 0.04166667 1.        ]
 [0.36363636 0.17574257 0.12510785 0.47222222 0.        ]
 [0.06060606 0.14851485 0.23037101 0.20138889 0.        ]]
matrix:[[0.39622642 0.31863727 0.12453184 0.35       0.3125    ]
 [0.00943396 0.03607214 0.21910112 0.13888889 0.03125   ]
 [0.44339623 0.42284569 0.12078652 0.28888889 0.59375   ]
 [0.11320755 0.10821643 0.22846442 0.15555556 0.0625    ]
 [0.03773585 0.11422846 0.3071161  0.06666667 0.        ]]
matrix:[[0.12554113 0.25806452 0.14864865 0.28496868 0.17829457]
 [0.27705628 0.06451613 0.12162162 0.04592902 0.21705426]
 [0.07359307 0.22580645 0.14864865 0.4039666  0.0620155 ]
 [0.16017316 0.35483871 0.44594595 0.17014614 0.20930233]
 [0.36363636 0.09677419 0.13513514 0.09498956 0.33333333]]
matrix:[[0.22797927 0.24341085 0.17582418 0.24242424 0.25      ]
 [0.24870466 0.12790698 0.12454212 0.21212121 0.07291667]
 [0.20725389 0.23333333 0.19047619 0.09090909 0.48958333]
 [0.13989637 0.16976744 0.34798535 0.3030303  0.125     ]
 [0.1761658  0.2255814  0.16117216 0.15151515 0.0625    ]]
matrix:[[0.22976501 0.4375     0.22222222 0.2259542  0.17098446]
 [0.14099217 0.0625     0.01984127 0.16641221 0.208981  ]
 [0.2767624  0.25       0.56349206 0.18778626 0.12953368]
 [0.15926893 0.1875     0.0952381  0.16641221 0.28670121]
 [0.19321149 0.0625     0.09920635 0.25343511 0.20379965]]
