matrix:[[0.88172043 0.05454545 0.04176334 0.02346041 0.02189781]
 [0.02956989 0.8        0.00928074 0.00879765 0.07542579]
 [0.05376344 0.03333333 0.92807425 0.01173021 0.04136253]
 [0.02419355 0.01818182 0.00928074 0.95014663 0.01216545]
 [0.01075269 0.09393939 0.01160093 0.0058651  0.84914842]]
matrix:[[0.94871795 0.05474453 0.08267717 0.03133903 0.02244389]
 [0.01424501 0.81751825 0.01968504 0.01139601 0.07730673]
 [0.01139601 0.01094891 0.87007874 0.03703704 0.01246883]
 [0.01424501 0.02189781 0.01377953 0.89458689 0.0074813 ]
 [0.01139601 0.09489051 0.01377953 0.02564103 0.88029925]]
matrix:[[0.86552567 0.04761905 0.05617978 0.02754821 0.0278481 ]
 [0.05134474 0.81318681 0.00449438 0.0137741  0.07848101]
 [0.05134474 0.02197802 0.93483146 0.00826446 0.02278481]
 [0.01466993 0.01831502 0.00449438 0.9338843  0.02531646]
 [0.01711491 0.0989011  0.         0.01652893 0.84556962]]
matrix:[[0.86075949 0.03396226 0.04793028 0.02985075 0.01856148]
 [0.03037975 0.83018868 0.01960784 0.02089552 0.06264501]
 [0.07088608 0.01509434 0.89978214 0.03880597 0.00696056]
 [0.02531646 0.00754717 0.01525054 0.89552239 0.01160093]
 [0.01265823 0.11320755 0.01742919 0.01492537 0.90023202]]
matrix:[[0.90782123 0.04347826 0.05991736 0.0298913  0.03317536]
 [0.03351955 0.84189723 0.02479339 0.02717391 0.12322275]
 [0.03351955 0.00790514 0.87603306 0.01358696 0.01421801]
 [0.00837989 0.00790514 0.03512397 0.91032609 0.02369668]
 [0.01675978 0.09881423 0.00413223 0.01902174 0.8056872 ]]
matrix:[[0.87804878 0.07142857 0.08015267 0.01694915 0.00537634]
 [0.03523035 0.78571429 0.03244275 0.01977401 0.03763441]
 [0.03794038 0.0112782  0.84541985 0.01412429 0.01344086]
 [0.02710027 0.0075188  0.02290076 0.93785311 0.01075269]
 [0.02168022 0.12406015 0.01908397 0.01129944 0.9327957 ]]
matrix:[[0.8108747  0.0464135  0.04051173 0.01449275 0.0243309 ]
 [0.04964539 0.82278481 0.01492537 0.00869565 0.10462287]
 [0.07328605 0.01687764 0.92963753 0.00869565 0.01459854]
 [0.03309693 0.02953586 0.01066098 0.95652174 0.01216545]
 [0.03309693 0.08438819 0.00426439 0.0115942  0.84428224]]
matrix:[[0.88804071 0.03501946 0.05932203 0.01939058 0.01741294]
 [0.02544529 0.83657588 0.02118644 0.0166205  0.05970149]
 [0.05089059 0.0311284  0.90042373 0.0166205  0.02487562]
 [0.02035623 0.0155642  0.01271186 0.93628809 0.01492537]
 [0.01526718 0.08171206 0.00635593 0.01108033 0.88308458]]
matrix:[[0.84863524 0.03557312 0.03712297 0.01101928 0.04137931]
 [0.03722084 0.86956522 0.00696056 0.0137741  0.11264368]
 [0.06699752 0.02766798 0.93735499 0.02479339 0.02988506]
 [0.03473945 0.01185771 0.00928074 0.94490358 0.00689655]
 [0.01240695 0.05533597 0.00928074 0.00550964 0.8091954 ]]
matrix:[[0.86597938 0.05415162 0.05088496 0.01856764 0.03069054]
 [0.03865979 0.8267148  0.01327434 0.01591512 0.07161125]
 [0.05670103 0.01083032 0.90929204 0.0265252  0.01790281]
 [0.0257732  0.00361011 0.01327434 0.9071618  0.01278772]
 [0.0128866  0.10469314 0.01327434 0.03183024 0.86700767]]
