matrix:[[0.80705882 0.06896552 0.06004141 0.0388601  0.02242152]
 [0.07294118 0.69655172 0.02277433 0.04404145 0.23991031]
 [0.05176471 0.03448276 0.85507246 0.02849741 0.02466368]
 [0.02352941 0.04827586 0.03312629 0.83937824 0.02466368]
 [0.04470588 0.15172414 0.02898551 0.0492228  0.68834081]]
matrix:[[0.73305085 0.08333333 0.05615551 0.02058824 0.02360515]
 [0.06991525 0.68055556 0.01727862 0.02352941 0.25536481]
 [0.11440678 0.01388889 0.9049676  0.02352941 0.02145923]
 [0.02542373 0.02083333 0.01295896 0.90588235 0.03862661]
 [0.05720339 0.20138889 0.00863931 0.02647059 0.66094421]]
matrix:[[0.82051282 0.04026846 0.07331976 0.01630435 0.02874743]
 [0.04615385 0.71812081 0.02443992 0.04347826 0.26078029]
 [0.06666667 0.02684564 0.84928717 0.01630435 0.0164271 ]
 [0.01025641 0.04026846 0.0305499  0.88043478 0.04722793]
 [0.05641026 0.17449664 0.02240326 0.04347826 0.64681725]]
matrix:[[0.76995305 0.05755396 0.04625551 0.03252033 0.0221328 ]
 [0.07746479 0.74820144 0.02202643 0.03252033 0.23138833]
 [0.07042254 0.00719424 0.90528634 0.02439024 0.03219316]
 [0.01877934 0.         0.0154185  0.87533875 0.02414487]
 [0.06338028 0.18705036 0.01101322 0.03523035 0.69014085]]
matrix:[[0.85907859 0.06862745 0.10661765 0.0536193  0.0221328 ]
 [0.0704607  0.81372549 0.02757353 0.05630027 0.28571429]
 [0.0298103  0.         0.80514706 0.02412869 0.01609658]
 [0.00813008 0.01960784 0.04044118 0.8310992  0.04225352]
 [0.03252033 0.09803922 0.02022059 0.03485255 0.63380282]]
matrix:[[0.75757576 0.05309735 0.07036247 0.00301205 0.021611  ]
 [0.07575758 0.77876106 0.02345416 0.02409639 0.26915521]
 [0.07359307 0.00884956 0.87420043 0.01506024 0.01571709]
 [0.03679654 0.05309735 0.02132196 0.90060241 0.03339882]
 [0.05627706 0.10619469 0.01066098 0.05722892 0.66011788]]
matrix:[[0.79616307 0.07462687 0.07201646 0.01639344 0.03319502]
 [0.07434053 0.63432836 0.02263374 0.03551913 0.27593361]
 [0.0383693  0.00746269 0.85596708 0.01912568 0.02074689]
 [0.04076739 0.05223881 0.0308642  0.87431694 0.03319502]
 [0.05035971 0.23134328 0.01851852 0.05464481 0.63692946]]
matrix:[[0.79009434 0.02307692 0.04016064 0.01126761 0.03556485]
 [0.08254717 0.8        0.03815261 0.01971831 0.29288703]
 [0.05660377 0.01538462 0.86746988 0.01126761 0.0167364 ]
 [0.03066038 0.03846154 0.03413655 0.92394366 0.01882845]
 [0.04009434 0.12307692 0.02008032 0.03380282 0.63598326]]
matrix:[[0.82528736 0.05691057 0.08281573 0.03166227 0.03010753]
 [0.07586207 0.7398374  0.02484472 0.03430079 0.27096774]
 [0.05287356 0.02439024 0.84679089 0.02638522 0.01290323]
 [0.0091954  0.00813008 0.01863354 0.86015831 0.0344086 ]
 [0.03678161 0.17073171 0.02691511 0.0474934  0.6516129 ]]
matrix:[[0.8625     0.04724409 0.08782435 0.02266289 0.03968254]
 [0.0425     0.7007874  0.03592814 0.03399433 0.29365079]
 [0.0475     0.00787402 0.80439122 0.03116147 0.01587302]
 [0.0275     0.04724409 0.04590818 0.87252125 0.03174603]
 [0.02       0.19685039 0.0259481  0.03966006 0.61904762]]
