matrix:[[0.81218274 0.05639098 0.03899083 0.03947368 0.02933985]
 [0.0964467  0.77067669 0.00917431 0.01315789 0.09779951]
 [0.05583756 0.01503759 0.94266055 0.02368421 0.01711491]
 [0.01522843 0.0075188  0.00917431 0.89736842 0.01711491]
 [0.02030457 0.15037594 0.         0.02631579 0.83863081]]
matrix:[[0.8919598  0.08843537 0.05369128 0.02806122 0.01977401]
 [0.0201005  0.74829932 0.01565996 0.0127551  0.0819209 ]
 [0.05025126 0.02380952 0.9082774  0.02295918 0.00282486]
 [0.02512563 0.02721088 0.00894855 0.89540816 0.01694915]
 [0.01256281 0.1122449  0.01342282 0.04081633 0.87853107]]
matrix:[[0.84935065 0.07012195 0.05963303 0.01818182 0.01970443]
 [0.04415584 0.74085366 0.01376147 0.00909091 0.07635468]
 [0.06233766 0.0152439  0.89220183 0.01818182 0.02955665]
 [0.03636364 0.02743902 0.01146789 0.93333333 0.03694581]
 [0.00779221 0.14634146 0.02293578 0.02121212 0.83743842]]
matrix:[[0.84236453 0.05809129 0.0475162  0.02917772 0.02763819]
 [0.04433498 0.81742739 0.00863931 0.01856764 0.11557789]
 [0.0591133  0.00829876 0.91144708 0.01856764 0.0201005 ]
 [0.01970443 0.01659751 0.01511879 0.9204244  0.01758794]
 [0.03448276 0.09958506 0.01727862 0.0132626  0.81909548]]
matrix:[[0.84529148 0.07883817 0.04805492 0.03188406 0.01682692]
 [0.05156951 0.75518672 0.01830664 0.03188406 0.13701923]
 [0.06278027 0.00414938 0.90617849 0.01449275 0.02403846]
 [0.02466368 0.02904564 0.01830664 0.91304348 0.03125   ]
 [0.01569507 0.13278008 0.00915332 0.00869565 0.79086538]]
matrix:[[0.89124668 0.04564315 0.0761523  0.04851752 0.01259446]
 [0.04244032 0.80912863 0.00801603 0.02695418 0.08816121]
 [0.04244032 0.01659751 0.86773547 0.01078167 0.02770781]
 [0.01061008 0.02074689 0.01002004 0.88948787 0.02518892]
 [0.0132626  0.10788382 0.03807615 0.02425876 0.84634761]]
matrix:[[0.81838565 0.03673469 0.0529661  0.02409639 0.02564103]
 [0.06502242 0.84489796 0.01059322 0.02409639 0.0974359 ]
 [0.0470852  0.0122449  0.90466102 0.0060241  0.01794872]
 [0.03587444 0.00816327 0.01694915 0.9246988  0.02051282]
 [0.03363229 0.09795918 0.01483051 0.02108434 0.83846154]]
matrix:[[0.832      0.05395683 0.03904555 0.01842105 0.0230179 ]
 [0.056      0.8057554  0.01301518 0.03421053 0.10741688]
 [0.064      0.01798561 0.92624729 0.02105263 0.03069054]
 [0.02933333 0.00719424 0.01084599 0.88947368 0.02557545]
 [0.01866667 0.11510791 0.01084599 0.03684211 0.81329923]]
matrix:[[0.88772846 0.05172414 0.05627706 0.02017291 0.03473945]
 [0.02349869 0.74827586 0.01082251 0.01152738 0.06203474]
 [0.05483029 0.04137931 0.91341991 0.01440922 0.01985112]
 [0.02088773 0.01724138 0.01731602 0.93948127 0.04466501]
 [0.01305483 0.14137931 0.0021645  0.01440922 0.83870968]]
matrix:[[0.88920455 0.06405694 0.06526316 0.02777778 0.03357314]
 [0.02556818 0.77580071 0.02105263 0.02777778 0.10071942]
 [0.04829545 0.04270463 0.88631579 0.01944444 0.01199041]
 [0.02272727 0.02491103 0.01894737 0.90555556 0.01918465]
 [0.01420455 0.09252669 0.00842105 0.01944444 0.83453237]]
