matrix:[[0.83295195 0.0615942  0.0450237  0.02556818 0.02763819]
 [0.03432494 0.76811594 0.01895735 0.01420455 0.04522613]
 [0.0778032  0.02898551 0.92654028 0.02272727 0.0201005 ]
 [0.02745995 0.01811594 0.007109   0.92329545 0.02261307]
 [0.02745995 0.12318841 0.00236967 0.01420455 0.88442211]]
matrix:[[0.89382716 0.04827586 0.06113537 0.02077151 0.02278481]
 [0.02716049 0.78965517 0.01528384 0.01186944 0.04303797]
 [0.04444444 0.01034483 0.89737991 0.02670623 0.02531646]
 [0.02222222 0.02413793 0.01528384 0.92878338 0.01772152]
 [0.01234568 0.12758621 0.01091703 0.01186944 0.89113924]]
matrix:[[0.91907514 0.09923664 0.05230126 0.04395604 0.02758621]
 [0.01445087 0.78625954 0.0125523  0.01923077 0.10344828]
 [0.03757225 0.02290076 0.92468619 0.00824176 0.02298851]
 [0.01445087 0.00381679 0.0041841  0.90659341 0.02988506]
 [0.01445087 0.08778626 0.00627615 0.02197802 0.81609195]]
matrix:[[0.84198113 0.06719368 0.03872437 0.01136364 0.04316547]
 [0.04481132 0.82608696 0.02733485 0.01136364 0.08393285]
 [0.06367925 0.02371542 0.91343964 0.02840909 0.01918465]
 [0.0259434  0.00395257 0.01366743 0.9375     0.02158273]
 [0.02358491 0.07905138 0.00683371 0.01136364 0.83213429]]
matrix:[[0.85483871 0.06440678 0.07188161 0.02710027 0.01329787]
 [0.0483871  0.83389831 0.01902748 0.01626016 0.07712766]
 [0.04569892 0.02033898 0.89217759 0.01897019 0.01329787]
 [0.02419355 0.02033898 0.00845666 0.91327913 0.0106383 ]
 [0.02688172 0.06101695 0.00845666 0.02439024 0.8856383 ]]
matrix:[[0.88429752 0.06484642 0.07352941 0.0273224  0.02583979]
 [0.03856749 0.80546075 0.01890756 0.0136612  0.06459948]
 [0.0523416  0.03412969 0.87815126 0.01639344 0.03617571]
 [0.01652893 0.01365188 0.01680672 0.91530055 0.0129199 ]
 [0.00826446 0.08191126 0.01260504 0.0273224  0.86046512]]
matrix:[[0.91717791 0.06909091 0.07597536 0.02452316 0.03488372]
 [0.02453988 0.82545455 0.02464066 0.01089918 0.07674419]
 [0.03067485 0.02545455 0.88090349 0.02179837 0.01860465]
 [0.01226994 0.00363636 0.00410678 0.91825613 0.01860465]
 [0.01533742 0.07636364 0.01437372 0.02452316 0.85116279]]
matrix:[[0.90883978 0.07754011 0.04246285 0.03005464 0.0224359 ]
 [0.02209945 0.73529412 0.02760085 0.0136612  0.0224359 ]
 [0.05248619 0.02406417 0.90233546 0.0136612  0.03205128]
 [0.01104972 0.01336898 0.01273885 0.91530055 0.02884615]
 [0.00552486 0.14973262 0.014862   0.0273224  0.89423077]]
matrix:[[0.86138614 0.05673759 0.05773672 0.01578947 0.03108808]
 [0.03712871 0.82269504 0.01154734 0.01315789 0.03108808]
 [0.06930693 0.0248227  0.90531178 0.02631579 0.00777202]
 [0.01485149 0.0106383  0.01385681 0.93157895 0.02072539]
 [0.01732673 0.08510638 0.01154734 0.01315789 0.90932642]]
matrix:[[0.85542169 0.05405405 0.04121475 0.01754386 0.01470588]
 [0.04096386 0.84555985 0.02169197 0.02046784 0.06862745]
 [0.05301205 0.01158301 0.90672451 0.00877193 0.01960784]
 [0.03614458 0.01930502 0.02169197 0.94736842 0.02205882]
 [0.01445783 0.06949807 0.00867679 0.00584795 0.875     ]]
