matrix:[[0.26027397 0.55102041 0.11032028 0.21511628 0.25231911]
 [0.05022831 0.08163265 0.24377224 0.16860465 0.10760668]
 [0.22374429 0.28571429 0.1316726  0.28875969 0.30612245]
 [0.3652968  0.04081633 0.20640569 0.12790698 0.18923933]
 [0.10045662 0.04081633 0.30782918 0.1996124  0.14471243]]
matrix:[[0.3125     0.23166369 0.12442396 0.         0.17131474]
 [0.25       0.13416816 0.17511521 0.         0.19721116]
 [0.16666667 0.26744186 0.06912442 0.         0.24302789]
 [0.08333333 0.16189624 0.40552995 0.         0.19721116]
 [0.1875     0.20483005 0.22580645 0.         0.19123506]]
matrix:[[0.0625     0.31330472 0.24257426 0.19680851 0.10106383]
 [0.671875   0.09012876 0.12871287 0.06382979 0.12765957]
 [0.09375    0.2360515  0.29785479 0.10106383 0.05851064]
 [0.046875   0.23175966 0.1039604  0.47340426 0.44680851]
 [0.125      0.12875536 0.22689769 0.16489362 0.26595745]]
matrix:[[0.14529915 0.32142857 0.16851169 0.1958457  0.56903766]
 [0.21794872 0.07142857 0.099631   0.15430267 0.0376569 ]
 [0.2542735  0.25       0.17097171 0.3620178  0.22594142]
 [0.15384615 0.25       0.28905289 0.11869436 0.09205021]
 [0.22863248 0.10714286 0.27183272 0.16913947 0.07531381]]
matrix:[[0.23863636 0.17206704 0.         0.37179487 0.38461538]
 [0.07954545 0.18994413 0.         0.20512821 0.15384615]
 [0.31136364 0.18547486 0.16666667 0.26923077 0.30769231]
 [0.17386364 0.21452514 0.83333333 0.1025641  0.15384615]
 [0.19659091 0.23798883 0.         0.05128205 0.        ]]
matrix:[[0.22697795 0.21551724 0.35714286 0.09821429 0.24761905]
 [0.09857328 0.15517241 0.11904762 0.08928571 0.26190476]
 [0.32944228 0.18534483 0.31746032 0.12202381 0.19285714]
 [0.10505837 0.15517241 0.15079365 0.5327381  0.09047619]
 [0.23994812 0.2887931  0.05555556 0.1577381  0.20714286]]
matrix:[[0.4        0.08227848 0.14285714 0.12658228 0.22072348]
 [0.         0.12658228 0.         0.20253165 0.15266708]
 [0.1        0.03164557 0.28571429 0.37974684 0.25873697]
 [0.5        0.5        0.28571429 0.21518987 0.15144083]
 [0.         0.25949367 0.28571429 0.07594937 0.21643164]]
matrix:[[0.3125     0.13344051 0.22352941 0.33727811 0.17127072]
 [0.0625     0.24437299 0.15       0.0295858  0.13812155]
 [0.40625    0.17845659 0.26764706 0.23668639 0.28176796]
 [0.109375   0.20096463 0.17205882 0.26923077 0.13812155]
 [0.109375   0.24276527 0.18676471 0.12721893 0.27071823]]
matrix:[[0.18941504 0.26027397 0.29186603 0.30769231 0.19387755]
 [0.15784587 0.06849315 0.22009569 0.         0.18367347]
 [0.18477252 0.39726027 0.20574163 0.46153846 0.27210884]
 [0.22655525 0.13356164 0.07655502 0.23076923 0.22108844]
 [0.24141133 0.14041096 0.20574163 0.         0.1292517 ]]
matrix:[[0.12       0.28378378 0.16107383 0.19185423 0.15053763]
 [0.2        0.08783784 0.45637584 0.14790997 0.07526882]
 [0.04       0.28040541 0.12080537 0.22400857 0.36021505]
 [0.64       0.14189189 0.09395973 0.18435155 0.22580645]
 [0.         0.20608108 0.16778523 0.25187567 0.18817204]]
