matrix:[[0.26618705 0.31111111 0.16666667 0.20192308 0.07713499]
 [0.12869704 0.02222222 0.11111111 0.21153846 0.18181818]
 [0.29416467 0.28888889 0.11111111 0.13461538 0.07438017]
 [0.10551559 0.31111111 0.44444444 0.15865385 0.50137741]
 [0.20543565 0.06666667 0.16666667 0.29326923 0.16528926]]
matrix:[[0.1773231  0.32967033 0.34385965 0.2        0.24904215]
 [0.1312873  0.10989011 0.14736842 0.48       0.16091954]
 [0.27621483 0.23076923 0.15087719 0.04       0.20306513]
 [0.19096334 0.13186813 0.26666667 0.09333333 0.16475096]
 [0.22421142 0.1978022  0.09122807 0.18666667 0.22222222]]
matrix:[[0.         0.27892814 0.17977528 0.12048193 0.16562108]
 [0.5        0.13276492 0.25280899 0.34939759 0.11919699]
 [0.         0.22898904 0.12921348 0.06024096 0.31493099]
 [0.16666667 0.13398295 0.1741573  0.20481928 0.23212045]
 [0.33333333 0.22533496 0.26404494 0.26506024 0.16813049]]
matrix:[[0.25       0.         0.19230769 0.19512195 0.21757679]
 [0.10321101 0.         0.11538462 0.15853659 0.16211604]
 [0.28440367 0.6        0.11538462 0.30081301 0.20477816]
 [0.21559633 0.2        0.42307692 0.12195122 0.19880546]
 [0.14678899 0.2        0.15384615 0.22357724 0.21672355]]
matrix:[[0.23733004 0.26506024 0.1512605  0.22027972 0.39285714]
 [0.11742892 0.13253012 0.15798319 0.18881119 0.04464286]
 [0.34239802 0.24096386 0.12268908 0.20979021 0.25      ]
 [0.14709518 0.27710843 0.23529412 0.14685315 0.27678571]
 [0.15574784 0.08433735 0.33277311 0.23426573 0.03571429]]
matrix:[[0.25833333 0.20095694 0.31793961 0.13026316 0.12446352]
 [0.03333333 0.0861244  0.11190053 0.17236842 0.2360515 ]
 [0.375      0.15311005 0.22380107 0.27105263 0.21030043]
 [0.23333333 0.42583732 0.23623446 0.14342105 0.11158798]
 [0.1        0.13397129 0.11012433 0.28289474 0.31759657]]
matrix:[[0.12442396 0.34       0.0625     0.30530973 0.19217391]
 [0.34101382 0.12       0.0625     0.12831858 0.13565217]
 [0.10599078 0.32       0.5        0.30973451 0.23913043]
 [0.13824885 0.06       0.25       0.09513274 0.24173913]
 [0.29032258 0.16       0.125      0.16150442 0.19130435]]
matrix:[[0.45833333 0.33045977 0.33928571 0.16364953 0.13461538]
 [0.10416667 0.03448276 0.21428571 0.1622013  0.28846154]
 [0.14583333 0.39655172 0.14285714 0.20709631 0.28846154]
 [0.1875     0.08045977 0.19642857 0.22375091 0.11538462]
 [0.10416667 0.15804598 0.10714286 0.24330196 0.17307692]]
matrix:[[0.38211382 0.07017544 0.33892617 0.15460232 0.30902778]
 [0.10569106 0.31578947 0.09060403 0.17247542 0.09722222]
 [0.26829268 0.05263158 0.32885906 0.18230563 0.32291667]
 [0.17073171 0.36842105 0.10067114 0.23413762 0.17708333]
 [0.07317073 0.19298246 0.1409396  0.256479   0.09375   ]]
matrix:[[0.19230769 0.11774194 0.23439667 0.35588972 0.04301075]
 [0.11538462 0.21612903 0.14008322 0.10776942 0.03225806]
 [0.26923077 0.1983871  0.2038835  0.25062657 0.60215054]
 [0.09615385 0.16612903 0.25797503 0.21804511 0.06451613]
 [0.32692308 0.3016129  0.16366158 0.06766917 0.25806452]]
