matrix:[[0.25       0.06713781 0.23098395 0.11111111 0.25      ]
 [0.09027778 0.18021201 0.14863922 0.33333333 0.1875    ]
 [0.27083333 0.08833922 0.27983252 0.         0.125     ]
 [0.22222222 0.42402827 0.14933706 0.33333333 0.25      ]
 [0.16666667 0.24028269 0.19120726 0.22222222 0.1875    ]]
matrix:[[0.24307692 0.15662651 0.26625767 0.04878049 0.15584416]
 [0.15384615 0.24096386 0.1607362  0.06504065 0.1187384 ]
 [0.37846154 0.03614458 0.32147239 0.17886179 0.14285714]
 [0.08615385 0.31325301 0.10674847 0.46341463 0.2393321 ]
 [0.13846154 0.25301205 0.14478528 0.24390244 0.3432282 ]]
matrix:[[0.28101266 0.33552632 0.14184397 0.17117117 0.26363636]
 [0.06329114 0.10526316 0.28900709 0.13063063 0.05151515]
 [0.28101266 0.17763158 0.14893617 0.16891892 0.45151515]
 [0.26835443 0.21052632 0.08687943 0.30855856 0.10606061]
 [0.10632911 0.17105263 0.33333333 0.22072072 0.12727273]]
matrix:[[0.2        0.29980658 0.28614458 0.14285714 0.13264129]
 [0.07741935 0.14119923 0.17168675 0.07142857 0.15801615]
 [0.44516129 0.25145068 0.2560241  0.35714286 0.19377163]
 [0.14193548 0.172147   0.12951807 0.35714286 0.2260669 ]
 [0.13548387 0.13539652 0.15662651 0.07142857 0.28950404]]
matrix:[[0.30143014 0.09468822 0.35483871 0.1671159  0.04964539]
 [0.07370737 0.25635104 0.19354839 0.25876011 0.05673759]
 [0.40154015 0.09006928 0.22580645 0.05929919 0.18439716]
 [0.09130913 0.33256351 0.09677419 0.1212938  0.56028369]
 [0.1320132  0.22632794 0.12903226 0.393531   0.14893617]]
matrix:[[0.18452381 0.26872247 0.17424242 0.25426621 0.146875  ]
 [0.04761905 0.08810573 0.31060606 0.09556314 0.1953125 ]
 [0.41071429 0.16740088 0.28787879 0.37201365 0.0828125 ]
 [0.28571429 0.37444934 0.07575758 0.11774744 0.225     ]
 [0.07142857 0.10132159 0.15151515 0.16040956 0.35      ]]
matrix:[[0.13043478 0.375      0.1826484  0.16216216 0.32879377]
 [0.07826087 0.09821429 0.20547945 0.17189189 0.09922179]
 [0.14782609 0.13392857 0.31050228 0.20864865 0.3151751 ]
 [0.55652174 0.08928571 0.15068493 0.17513514 0.12645914]
 [0.08695652 0.30357143 0.15068493 0.28216216 0.13035019]]
matrix:[[0.18666667 0.08433735 0.19171598 0.17438692 0.27961165]
 [0.10666667 0.22891566 0.15266272 0.21525886 0.10485437]
 [0.25333333 0.08433735 0.22248521 0.08719346 0.36116505]
 [0.38666667 0.13253012 0.22721893 0.14168937 0.13592233]
 [0.06666667 0.46987952 0.20591716 0.38147139 0.1184466 ]]
matrix:[[0.07954545 0.07539683 0.16666667 0.26470588 0.24      ]
 [0.125      0.21428571 0.26666667 0.15686275 0.14641509]
 [0.09659091 0.03571429 0.13333333 0.28431373 0.28603774]
 [0.5625     0.36904762 0.36666667 0.14705882 0.10716981]
 [0.13636364 0.30555556 0.06666667 0.14705882 0.22037736]]
matrix:[[0.23529412 0.29213483 0.16317016 0.20490368 0.21052632]
 [0.09625668 0.13483146 0.13752914 0.15849387 0.13157895]
 [0.32620321 0.30337079 0.32867133 0.17775832 0.57894737]
 [0.20855615 0.08988764 0.22377622 0.17863398 0.05263158]
 [0.13368984 0.17977528 0.14685315 0.28021016 0.02631579]]
