matrix:[[0.816      0.         0.10978044 0.02071006 0.04023845]
 [0.064      0.         0.04590818 0.0147929  0.33681073]
 [0.024      0.         0.79640719 0.0147929  0.04769001]
 [0.05333333 0.         0.01796407 0.93195266 0.02086438]
 [0.04266667 0.         0.02994012 0.01775148 0.55439642]]
matrix:[[0.78378378 0.         0.078      0.03021978 0.02975207]
 [0.08845209 0.88888889 0.048      0.02747253 0.33719008]
 [0.04422604 0.         0.84       0.03846154 0.03471074]
 [0.03194103 0.         0.012      0.85714286 0.02479339]
 [0.05159705 0.11111111 0.022      0.0467033  0.57355372]]
matrix:[[0.8259587  0.06018519 0.098      0.02387268 0.02649007]
 [0.07374631 0.8287037  0.034      0.02387268 0.13024283]
 [0.0560472  0.00462963 0.818      0.02387268 0.0794702 ]
 [0.00884956 0.00925926 0.026      0.90185676 0.03311258]
 [0.03539823 0.09722222 0.024      0.0265252  0.73068433]]
matrix:[[0.82878412 0.04761905 0.05954825 0.01704545 0.03448276]
 [0.07444169 0.88888889 0.02258727 0.01136364 0.2862069 ]
 [0.05707196 0.03174603 0.87474333 0.02840909 0.01551724]
 [0.02729529 0.         0.02464066 0.91193182 0.03275862]
 [0.01240695 0.03174603 0.01848049 0.03125    0.63103448]]
matrix:[[0.8225     0.         0.07900208 0.04607046 0.02980132]
 [0.0775     0.93548387 0.02079002 0.03523035 0.3410596 ]
 [0.0475     0.         0.86486486 0.02439024 0.00993377]
 [0.025      0.         0.01871102 0.86720867 0.00993377]
 [0.0275     0.06451613 0.01663202 0.02710027 0.60927152]]
matrix:[[0.78282828 0.05813953 0.05345212 0.02346041 0.02494331]
 [0.04040404 0.80620155 0.02672606 0.0058651  0.1292517 ]
 [0.10353535 0.02713178 0.89309577 0.02052786 0.00680272]
 [0.04292929 0.00775194 0.01113586 0.94428152 0.03628118]
 [0.03030303 0.10077519 0.0155902  0.0058651  0.80272109]]
matrix:[[0.79069767 0.         0.06666667 0.02028986 0.03286385]
 [0.08139535 1.         0.02365591 0.00289855 0.36306729]
 [0.06046512 0.         0.89892473 0.00869565 0.02034429]
 [0.04418605 0.         0.01075269 0.94782609 0.01564945]
 [0.02325581 0.         0.         0.02028986 0.56807512]]
matrix:[[0.79376499 0.         0.12449799 0.02064897 0.03809524]
 [0.07913669 1.         0.04819277 0.01769912 0.32380952]
 [0.04796163 0.         0.77911647 0.02654867 0.04126984]
 [0.03597122 0.         0.02409639 0.92035398 0.03809524]
 [0.04316547 0.         0.02409639 0.01474926 0.55873016]]
matrix:[[0.88218391 0.04301075 0.08082707 0.01912568 0.02222222]
 [0.04022989 0.78494624 0.03007519 0.01639344 0.075     ]
 [0.03735632 0.02150538 0.84962406 0.0136612  0.01944444]
 [0.02586207 0.02150538 0.02255639 0.93169399 0.02222222]
 [0.01436782 0.12903226 0.01691729 0.01912568 0.86111111]]
matrix:[[0.86015831 0.         0.06639004 0.02824859 0.0284006 ]
 [0.06596306 1.         0.02282158 0.02542373 0.35426009]
 [0.02638522 0.         0.89004149 0.02824859 0.03139013]
 [0.02902375 0.         0.01037344 0.89830508 0.02541106]
 [0.01846966 0.         0.01037344 0.01977401 0.56053812]]
