matrix:[[0.19811321 0.355      0.25       0.24050633 0.14752724]
 [0.02830189 0.105      0.28571429 0.17088608 0.16848282]
 [0.46226415 0.25       0.07142857 0.28481013 0.22045264]
 [0.17924528 0.1725     0.03571429 0.14556962 0.19530595]
 [0.13207547 0.1175     0.35714286 0.15822785 0.26823135]]
matrix:[[0.32846715 0.28654971 0.23193916 0.21212121 0.15686275]
 [0.08029197 0.04678363 0.11596958 0.07575758 0.29847495]
 [0.24087591 0.34502924 0.2404943  0.53030303 0.19389978]
 [0.2189781  0.09356725 0.2338403  0.15151515 0.10239651]
 [0.13138686 0.22807018 0.17775665 0.03030303 0.24836601]]
matrix:[[0.17721519 0.17760618 0.31779661 0.19012116 0.        ]
 [0.29113924 0.28185328 0.05720339 0.12954334 1.        ]
 [0.2278481  0.15444015 0.21610169 0.2665424  0.        ]
 [0.07594937 0.21621622 0.27330508 0.17334576 0.        ]
 [0.2278481  0.16988417 0.13559322 0.24044734 0.        ]]
matrix:[[0.06666667 0.27628635 0.18131868 0.11993769 0.31168831]
 [0.04444444 0.17897092 0.03296703 0.17912773 0.03896104]
 [0.18888889 0.22147651 0.31868132 0.22429907 0.48051948]
 [0.61111111 0.18568233 0.31868132 0.11993769 0.07792208]
 [0.08888889 0.13758389 0.14835165 0.35669782 0.09090909]]
matrix:[[0.29411765 0.04289544 0.29076087 0.23691216 0.        ]
 [0.11764706 0.32975871 0.14402174 0.09405501 0.        ]
 [0.35294118 0.03217158 0.10597826 0.33451642 0.        ]
 [0.23529412 0.14477212 0.19565217 0.2094055  0.        ]
 [0.         0.45040214 0.26358696 0.12511091 0.        ]]
matrix:[[0.23755656 0.23793103 0.35294118 0.17460317 0.17496807]
 [0.13800905 0.09310345 0.05882353 0.38095238 0.19923372]
 [0.21719457 0.34482759 0.29411765 0.12698413 0.20051086]
 [0.30542986 0.1637931  0.11764706 0.14285714 0.15708812]
 [0.10180995 0.16034483 0.17647059 0.17460317 0.26819923]]
matrix:[[0.29947917 0.125      0.24206349 0.29245283 0.32747253]
 [0.09635417 0.19331395 0.08730159 0.01886792 0.1010989 ]
 [0.25260417 0.11337209 0.42063492 0.33962264 0.29230769]
 [0.16145833 0.24127907 0.16666667 0.31132075 0.14065934]
 [0.19010417 0.32703488 0.08333333 0.03773585 0.13846154]]
matrix:[[0.15926893 0.12837838 0.27058824 0.24183007 0.22621564]
 [0.27937337 0.13513514 0.23529412 0.12418301 0.09196617]
 [0.18537859 0.09459459 0.12156863 0.38562092 0.30866808]
 [0.03133159 0.47297297 0.13333333 0.16993464 0.21881607]
 [0.34464752 0.16891892 0.23921569 0.07843137 0.15433404]]
matrix:[[0.27419355 0.25364759 0.12686567 0.19883041 0.17880795]
 [0.09677419 0.16722783 0.17537313 0.14230019 0.18543046]
 [0.40322581 0.28058361 0.27238806 0.19103314 0.05960265]
 [0.12903226 0.11223345 0.17910448 0.22807018 0.50331126]
 [0.09677419 0.18630752 0.24626866 0.23976608 0.07284768]]
matrix:[[0.27459954 0.19828203 0.         0.         0.08      ]
 [0.04576659 0.17680744 0.25       0.28571429 0.32      ]
 [0.36384439 0.19541875 0.         0.21428571 0.08      ]
 [0.17391304 0.20186113 0.58333333 0.42857143 0.4       ]
 [0.14187643 0.22763064 0.16666667 0.07142857 0.12      ]]
