matrix:[[0.22113022 0.17207792 0.25       0.31152648 0.19739292]
 [0.14987715 0.0974026  0.         0.04049844 0.27001862]
 [0.3046683  0.23701299 0.25       0.42056075 0.13221601]
 [0.0958231  0.32467532 0.5        0.12461059 0.11173184]
 [0.22850123 0.16883117 0.         0.10280374 0.2886406 ]]
matrix:[[0.42857143 0.16803279 0.31578947 0.24226348 0.11983471]
 [0.         0.23770492 0.15789474 0.05481874 0.30371901]
 [0.57142857 0.15983607 0.05263158 0.33333333 0.06404959]
 [0.         0.06967213 0.15789474 0.24403183 0.15702479]
 [0.         0.3647541  0.31578947 0.12555261 0.3553719 ]]
matrix:[[0.23578595 0.14814815 0.21835443 0.18473896 0.        ]
 [0.17558528 0.08641975 0.12974684 0.07228916 0.43421053]
 [0.23076923 0.37037037 0.27689873 0.28714859 0.10526316]
 [0.14548495 0.20987654 0.17088608 0.25100402 0.13157895]
 [0.21237458 0.18518519 0.20411392 0.20481928 0.32894737]]
matrix:[[0.11158798 0.14285714 0.22526042 0.25204918 0.41025641]
 [0.10944206 0.28571429 0.22526042 0.125      0.08333333]
 [0.23175966 0.         0.27734375 0.26229508 0.1025641 ]
 [0.33690987 0.28571429 0.04947917 0.22745902 0.27564103]
 [0.21030043 0.28571429 0.22265625 0.13319672 0.12820513]]
matrix:[[0.23312883 0.13665944 0.38549618 0.17529215 0.2025    ]
 [0.17177914 0.14316703 0.0610687  0.22203673 0.1125    ]
 [0.30674847 0.07592191 0.43129771 0.19866444 0.35      ]
 [0.20245399 0.2472885  0.07251908 0.1869783  0.195     ]
 [0.08588957 0.39696312 0.04961832 0.21702838 0.14      ]]
matrix:[[0.18229167 0.16326531 0.21464646 0.21134021 0.2112069 ]
 [0.15104167 0.08163265 0.12373737 0.25515464 0.15732759]
 [0.41145833 0.34693878 0.19823232 0.26804124 0.1875    ]
 [0.109375   0.30612245 0.24242424 0.12371134 0.15948276]
 [0.14583333 0.10204082 0.2209596  0.14175258 0.28448276]]
matrix:[[0.21276596 0.36024845 0.2        0.22235872 0.13117284]
 [0.40425532 0.06832298 0.21395349 0.10687961 0.18981481]
 [0.08510638 0.38509317 0.05116279 0.44963145 0.08024691]
 [0.23404255 0.13043478 0.35813953 0.08722359 0.24074074]
 [0.06382979 0.05590062 0.17674419 0.13390663 0.35802469]]
matrix:[[0.14285714 0.         0.2246604  0.32727273 0.19343494]
 [0.28571429 0.33333333 0.22048067 0.16363636 0.06916764]
 [0.         0.         0.1661442  0.12727273 0.35404455]
 [0.28571429 0.33333333 0.21107628 0.14545455 0.18757327]
 [0.28571429 0.33333333 0.17763845 0.23636364 0.1957796 ]]
matrix:[[0.19296741 0.09836066 0.27272727 0.16541353 0.        ]
 [0.13036021 0.26229508 0.14119923 0.21052632 0.25      ]
 [0.22641509 0.06557377 0.28433269 0.20300752 0.125     ]
 [0.23756432 0.1147541  0.14893617 0.06015038 0.125     ]
 [0.21269297 0.45901639 0.15280464 0.36090226 0.5       ]]
matrix:[[0.15222482 0.1618705  0.22727273 0.34666667 0.34705882]
 [0.21311475 0.15707434 0.25974026 0.05333333 0.07058824]
 [0.29508197 0.17745803 0.05194805 0.31       0.38823529]
 [0.12412178 0.26139089 0.16883117 0.14       0.12352941]
 [0.21545667 0.24220624 0.29220779 0.15       0.07058824]]
