matrix:[[0.07296137 0.09649123 0.22580645 0.26094003 0.30154639]
 [0.11373391 0.40350877 0.18817204 0.08103728 0.08762887]
 [0.2360515  0.04824561 0.09677419 0.37763371 0.26546392]
 [0.32618026 0.13596491 0.16666667 0.16693679 0.1443299 ]
 [0.25107296 0.31578947 0.32258065 0.11345219 0.20103093]]
matrix:[[0.23684211 0.44444444 0.22222222 0.19035202 0.18158568]
 [0.17647059 0.13333333 0.         0.18774446 0.1202046 ]
 [0.19814241 0.06666667 0.41666667 0.31290743 0.13299233]
 [0.17337461 0.26666667 0.25       0.11473272 0.31457801]
 [0.21517028 0.08888889 0.11111111 0.19426336 0.25063939]]
matrix:[[0.29133858 0.16666667 0.20731707 0.24482759 0.1598579 ]
 [0.07874016 0.33333333 0.1097561  0.06896552 0.19271758]
 [0.27296588 0.         0.25609756 0.37931034 0.22735346]
 [0.25721785 0.33333333 0.23170732 0.15517241 0.1687389 ]
 [0.09973753 0.16666667 0.19512195 0.15172414 0.25133215]]
matrix:[[0.1673913  0.11428571 0.1498708  0.37104072 0.20773931]
 [0.23478261 0.13333333 0.2118863  0.05656109 0.07331976]
 [0.09347826 0.21904762 0.18087855 0.38914027 0.30346232]
 [0.20869565 0.16190476 0.13436693 0.14027149 0.23421589]
 [0.29565217 0.37142857 0.32299742 0.04298643 0.18126273]]
matrix:[[0.26415094 0.17708333 0.1657754  0.23344948 0.22713864]
 [0.25471698 0.10763889 0.21925134 0.08362369 0.16224189]
 [0.14150943 0.09375    0.17112299 0.5087108  0.21533923]
 [0.05660377 0.42708333 0.20320856 0.08013937 0.1553589 ]
 [0.28301887 0.19444444 0.24064171 0.09407666 0.23992134]]
matrix:[[0.284      0.26956522 0.17299578 0.1        0.10301954]
 [0.084      0.0484472  0.15189873 0.26666667 0.32326821]
 [0.376      0.39130435 0.18987342 0.2        0.04085258]
 [0.16       0.17515528 0.32489451 0.2        0.13676732]
 [0.096      0.11552795 0.16033755 0.23333333 0.39609236]]
matrix:[[0.08235294 0.36842105 0.29063098 0.19825919 0.17142857]
 [0.11764706 0.23684211 0.08221797 0.18181818 0.14285714]
 [0.25098039 0.15789474 0.21223709 0.24468085 0.4       ]
 [0.30588235 0.05263158 0.23709369 0.14990329 0.17142857]
 [0.24313725 0.18421053 0.17782027 0.22533849 0.11428571]]
matrix:[[0.1687389  0.25718608 0.         0.3        0.24657534]
 [0.14476021 0.14826021 0.2        0.25       0.02739726]
 [0.26376554 0.22995461 0.2        0.2        0.26027397]
 [0.14831261 0.24659607 0.4        0.15       0.34246575]
 [0.27442274 0.11800303 0.2        0.1        0.12328767]]
matrix:[[0.24427481 0.5        0.33333333 0.22390572 0.20363636]
 [0.16793893 0.         0.08333333 0.15319865 0.12      ]
 [0.11450382 0.         0.33333333 0.23484848 0.26727273]
 [0.05343511 0.5        0.25       0.21212121 0.14363636]
 [0.41984733 0.         0.         0.17592593 0.26545455]]
matrix:[[0.36177474 0.         0.08333333 0.28       0.22389666]
 [0.20819113 0.         0.19318182 0.088      0.11302476]
 [0.29692833 0.         0.08333333 0.128      0.32292788]
 [0.05119454 1.         0.22537879 0.152      0.21097955]
 [0.08191126 0.         0.41477273 0.352      0.12917115]]
