matrix:[[0.88825215 0.03587444 0.12287335 0.02       0.03686636]
 [0.03151862 0.87443946 0.02457467 0.01142857 0.12672811]
 [0.03724928 0.02242152 0.82230624 0.00571429 0.02995392]
 [0.02578797 0.00896861 0.02646503 0.95142857 0.02764977]
 [0.01719198 0.05829596 0.00378072 0.01142857 0.77880184]]
matrix:[[0.86890244 0.02747253 0.08914729 0.02       0.04911591]
 [0.0304878  0.80769231 0.04651163 0.01428571 0.18467583]
 [0.0304878  0.01098901 0.81782946 0.01142857 0.01375246]
 [0.03658537 0.02197802 0.02906977 0.94285714 0.03143418]
 [0.03353659 0.13186813 0.01744186 0.01142857 0.72102161]]
matrix:[[0.83421053 0.04954955 0.10204082 0.02872063 0.02439024]
 [0.05789474 0.80630631 0.03673469 0.02610966 0.1804878 ]
 [0.05526316 0.0045045  0.83673469 0.01827676 0.00731707]
 [0.02105263 0.         0.0122449  0.90078329 0.02439024]
 [0.03157895 0.13963964 0.0122449  0.02610966 0.76341463]]
matrix:[[0.87643678 0.09649123 0.07415254 0.02173913 0.04264392]
 [0.02873563 0.75       0.01694915 0.02445652 0.15565032]
 [0.07183908 0.00877193 0.87076271 0.02717391 0.02345416]
 [0.01436782 0.         0.02330508 0.90217391 0.03198294]
 [0.00862069 0.14473684 0.01483051 0.02445652 0.74626866]]
matrix:[[0.85128205 0.0295858  0.07692308 0.02906977 0.03193613]
 [0.05641026 0.85207101 0.03326403 0.00290698 0.21157685]
 [0.05641026 0.01183432 0.85654886 0.02034884 0.03193613]
 [0.02820513 0.         0.01247401 0.92732558 0.01796407]
 [0.00769231 0.10650888 0.02079002 0.02034884 0.70658683]]
matrix:[[0.88950276 0.05641026 0.1124498  0.02140673 0.0417495 ]
 [0.0359116  0.82051282 0.03614458 0.02446483 0.17296223]
 [0.03314917 0.01538462 0.81526104 0.03058104 0.01590457]
 [0.01933702 0.00512821 0.02208835 0.88685015 0.03180915]
 [0.02209945 0.1025641  0.01405622 0.03669725 0.73757455]]
matrix:[[0.84636119 0.01153846 0.14482759 0.02941176 0.03592814]
 [0.0754717  0.72307692 0.05517241 0.01176471 0.0988024 ]
 [0.01078167 0.         0.7362069  0.02352941 0.00598802]
 [0.00808625 0.00769231 0.02413793 0.89705882 0.03293413]
 [0.05929919 0.25769231 0.03965517 0.03823529 0.82634731]]
matrix:[[0.91071429 0.02564103 0.13565217 0.01904762 0.04705882]
 [0.03869048 0.7991453  0.02782609 0.02222222 0.15764706]
 [0.01488095 0.00854701 0.78608696 0.00952381 0.02352941]
 [0.01785714 0.02136752 0.03652174 0.92698413 0.04      ]
 [0.01785714 0.14529915 0.01391304 0.02222222 0.73176471]]
matrix:[[0.84823848 0.05017921 0.07249467 0.01907357 0.06234414]
 [0.06504065 0.65232975 0.01918977 0.02179837 0.1446384 ]
 [0.04878049 0.00716846 0.86780384 0.02724796 0.02743142]
 [0.00542005 0.00716846 0.02985075 0.91280654 0.04239401]
 [0.03252033 0.28315412 0.01066098 0.01907357 0.72319202]]
matrix:[[0.88736264 0.06185567 0.09240246 0.03107345 0.03292181]
 [0.02472527 0.83505155 0.02258727 0.00847458 0.19547325]
 [0.05494505 0.02061856 0.862423   0.02824859 0.02674897]
 [0.02747253 0.02061856 0.02053388 0.91242938 0.0308642 ]
 [0.00549451 0.06185567 0.00205339 0.01977401 0.71399177]]
