matrix:[[0.85678392 0.08992806 0.0712743  0.03133159 0.02479339]
 [0.04773869 0.71582734 0.01295896 0.04438642 0.11294766]
 [0.07286432 0.01798561 0.89416847 0.04960836 0.0137741 ]
 [0.01005025 0.01798561 0.00863931 0.82767624 0.04132231]
 [0.01256281 0.15827338 0.01295896 0.04699739 0.80716253]]
matrix:[[0.8254717  0.         0.06967213 0.03448276 0.04194631]
 [0.08962264 0.         0.04098361 0.08222812 0.32550336]
 [0.03301887 0.         0.84631148 0.02122016 0.01677852]
 [0.02830189 0.         0.02459016 0.83554377 0.03020134]
 [0.02358491 0.         0.01844262 0.0265252  0.58557047]]
matrix:[[0.70338983 0.         0.06102362 0.03206997 0.03914591]
 [0.15254237 0.         0.06496063 0.0845481  0.25088968]
 [0.03601695 0.         0.83661417 0.02332362 0.01779359]
 [0.06144068 0.         0.02559055 0.81632653 0.0569395 ]
 [0.04661017 0.         0.01181102 0.04373178 0.63523132]]
matrix:[[0.79533679 0.04779412 0.04329004 0.04043127 0.0177665 ]
 [0.06994819 0.75367647 0.01515152 0.02695418 0.12436548]
 [0.06735751 0.01470588 0.91558442 0.01078167 0.02284264]
 [0.03626943 0.01838235 0.01515152 0.8787062  0.04314721]
 [0.03108808 0.16544118 0.01082251 0.04312668 0.79187817]]
matrix:[[0.         0.21806854 0.31571429 0.16853933 0.06205251]
 [0.         0.61370717 0.02714286 0.04269663 0.13126492]
 [0.         0.01869159 0.61       0.02022472 0.0477327 ]
 [0.         0.04361371 0.01428571 0.74382022 0.03579952]
 [0.         0.105919   0.03285714 0.0247191  0.72315036]]
matrix:[[0.84352078 0.06696429 0.05870445 0.025      0.02763819]
 [0.04889976 0.81696429 0.02024291 0.02777778 0.13316583]
 [0.05134474 0.00446429 0.88259109 0.025      0.0201005 ]
 [0.04400978 0.00446429 0.00809717 0.88611111 0.02261307]
 [0.01222494 0.10714286 0.03036437 0.03611111 0.79648241]]
matrix:[[0.6954023  0.         0.0534188  0.0148368  0.03942652]
 [0.20306513 0.         0.03846154 0.03264095 0.26702509]
 [0.05747126 0.         0.88888889 0.01780415 0.01971326]
 [0.02490421 0.         0.01282051 0.91097923 0.04301075]
 [0.01915709 0.         0.00641026 0.02373887 0.63082437]]
matrix:[[0.82124352 0.05555556 0.05788423 0.0519802  0.01932367]
 [0.0984456  0.75555556 0.03992016 0.03217822 0.1884058 ]
 [0.03108808 0.         0.86826347 0.01732673 0.01690821]
 [0.01554404 0.00555556 0.01197605 0.86138614 0.02657005]
 [0.03367876 0.18333333 0.02195609 0.03712871 0.74879227]]
matrix:[[0.85326087 0.06692913 0.08474576 0.04958678 0.01869159]
 [0.04619565 0.79133858 0.01694915 0.04958678 0.11214953]
 [0.04076087 0.00787402 0.87076271 0.01652893 0.02803738]
 [0.02173913 0.04330709 0.01483051 0.85674931 0.02803738]
 [0.03804348 0.09055118 0.01271186 0.02754821 0.81308411]]
matrix:[[0.84130982 0.09166667 0.05446623 0.05080214 0.02168675]
 [0.03526448 0.75416667 0.0087146  0.04278075 0.15180723]
 [0.04785894 0.00416667 0.91285403 0.03475936 0.01927711]
 [0.04785894 0.02083333 0.0130719  0.85294118 0.02650602]
 [0.02770781 0.12916667 0.01089325 0.01871658 0.78072289]]
