matrix:[[0.84924623 0.03501946 0.07221007 0.01453488 0.01398601]
 [0.06030151 0.84046693 0.02188184 0.01162791 0.09090909]
 [0.04522613 0.01167315 0.88840263 0.02034884 0.03030303]
 [0.02261307 0.0233463  0.00875274 0.93895349 0.02797203]
 [0.02261307 0.08949416 0.00875274 0.01453488 0.83682984]]
matrix:[[0.87371134 0.07717042 0.05324074 0.01729107 0.01474201]
 [0.03350515 0.79742765 0.01388889 0.02881844 0.05896806]
 [0.05412371 0.0192926  0.91435185 0.01440922 0.01474201]
 [0.02835052 0.00643087 0.00925926 0.91066282 0.02702703]
 [0.01030928 0.09967846 0.00925926 0.02881844 0.88452088]]
matrix:[[0.8718593  0.0657277  0.07053942 0.02678571 0.02192982]
 [0.03266332 0.81690141 0.01037344 0.02083333 0.15350877]
 [0.06030151 0.00938967 0.90456432 0.01190476 0.02631579]
 [0.0201005  0.00469484 0.00414938 0.92261905 0.01973684]
 [0.01507538 0.10328638 0.01037344 0.01785714 0.77850877]]
matrix:[[0.86588235 0.05853659 0.05882353 0.03303303 0.01943844]
 [0.04235294 0.82926829 0.01742919 0.00900901 0.13174946]
 [0.04941176 0.01463415 0.90413943 0.01501502 0.01727862]
 [0.01647059 0.0097561  0.01089325 0.93093093 0.01295896]
 [0.02588235 0.08780488 0.0087146  0.01201201 0.81857451]]
matrix:[[0.88709677 0.04700855 0.05979381 0.01891892 0.01886792]
 [0.04032258 0.84615385 0.0185567  0.03783784 0.08962264]
 [0.04301075 0.02564103 0.89484536 0.01621622 0.01415094]
 [0.02150538 0.00854701 0.01237113 0.91351351 0.02830189]
 [0.00806452 0.07264957 0.01443299 0.01351351 0.8490566 ]]
matrix:[[0.84432718 0.05960265 0.04514673 0.03217158 0.02319588]
 [0.06068602 0.81125828 0.01354402 0.02949062 0.06958763]
 [0.06332454 0.02980132 0.92099323 0.01876676 0.01804124]
 [0.02110818 0.00331126 0.00902935 0.89276139 0.03092784]
 [0.01055409 0.09602649 0.01128668 0.02680965 0.85824742]]
matrix:[[0.82650602 0.05645161 0.04044944 0.00273973 0.02184466]
 [0.04819277 0.85080645 0.01797753 0.02191781 0.06067961]
 [0.0746988  0.00403226 0.92359551 0.01643836 0.02184466]
 [0.02409639 0.01612903 0.01123596 0.95342466 0.03640777]
 [0.02650602 0.07258065 0.00674157 0.00547945 0.8592233 ]]
matrix:[[0.80697674 0.03162055 0.04585153 0.02556818 0.0127551 ]
 [0.07906977 0.8458498  0.01746725 0.01704545 0.09183673]
 [0.04186047 0.01185771 0.90829694 0.01704545 0.02040816]
 [0.04651163 0.01976285 0.02401747 0.93181818 0.02295918]
 [0.0255814  0.09090909 0.00436681 0.00852273 0.85204082]]
matrix:[[0.81818182 0.03053435 0.03309693 0.02412869 0.00733496]
 [0.06220096 0.82061069 0.01891253 0.01608579 0.11246944]
 [0.04784689 0.02290076 0.93617021 0.0080429  0.01466993]
 [0.03110048 0.01145038 0.0070922  0.93565684 0.00733496]
 [0.04066986 0.11450382 0.00472813 0.01608579 0.85819071]]
matrix:[[0.89617486 0.05882353 0.06097561 0.02337662 0.01621622]
 [0.03825137 0.76838235 0.0304878  0.02077922 0.02432432]
 [0.03825137 0.01102941 0.8699187  0.01558442 0.02162162]
 [0.01639344 0.00735294 0.02235772 0.90909091 0.02162162]
 [0.01092896 0.15441176 0.01626016 0.03116883 0.91621622]]
