matrix:[[0.23076923 0.         0.22058019 0.         0.33333333]
 [0.41025641 0.33333333 0.14176245 0.57142857 0.22222222]
 [0.15384615 0.33333333 0.23700055 0.14285714 0.22222222]
 [0.12820513 0.33333333 0.18992885 0.28571429 0.22222222]
 [0.07692308 0.         0.21072797 0.         0.        ]]
matrix:[[0.08064516 0.13119534 0.21875    0.21572581 0.35911602]
 [0.08064516 0.27113703 0.203125   0.09979839 0.15469613]
 [0.04032258 0.16909621 0.078125   0.31350806 0.1961326 ]
 [0.66935484 0.16909621 0.375      0.18245968 0.08563536]
 [0.12903226 0.25947522 0.125      0.18850806 0.20441989]]
matrix:[[0.17738791 0.22191011 0.08333333 0.28497409 0.28187919]
 [0.12280702 0.16573034 0.33333333 0.23834197 0.08724832]
 [0.21929825 0.21067416 0.         0.21243523 0.39932886]
 [0.23099415 0.18539326 0.33333333 0.13989637 0.08724832]
 [0.24951267 0.21629213 0.25       0.12435233 0.1442953 ]]
matrix:[[0.35789474 0.25867508 0.23929471 0.15274949 0.12765957]
 [0.06315789 0.08201893 0.08186398 0.26476578 0.33510638]
 [0.48421053 0.23659306 0.27329975 0.23828921 0.06382979]
 [0.06315789 0.33123028 0.25188917 0.07535642 0.09042553]
 [0.03157895 0.09148265 0.15365239 0.2688391  0.38297872]]
matrix:[[0.23160763 0.26956522 0.23819302 0.18072289 0.15006002]
 [0.1253406  0.12173913 0.09034908 0.18072289 0.20048019]
 [0.31880109 0.26086957 0.29979466 0.22891566 0.18487395]
 [0.23978202 0.15652174 0.14168378 0.25301205 0.20168067]
 [0.08446866 0.19130435 0.22997947 0.15662651 0.26290516]]
matrix:[[0.17377049 0.17592593 0.25201072 0.26923077 0.47058824]
 [0.19672131 0.20833333 0.04289544 0.07417582 0.05882353]
 [0.19344262 0.23611111 0.40482574 0.22527473 0.35294118]
 [0.19234973 0.21759259 0.12600536 0.27472527 0.05882353]
 [0.24371585 0.16203704 0.17426273 0.15659341 0.05882353]]
matrix:[[0.19975787 0.23642943 0.16666667 0.         0.        ]
 [0.22760291 0.06513872 0.14035088 0.         0.        ]
 [0.1622276  0.30880579 0.23245614 0.         0.        ]
 [0.08958838 0.26537998 0.35087719 1.         1.        ]
 [0.32082324 0.12424608 0.10964912 0.         0.        ]]
matrix:[[0.17460317 0.         0.1792392  0.35333333 0.34188034]
 [0.17460317 0.75       0.1579626  0.16666667 0.03418803]
 [0.55555556 0.         0.22243714 0.19333333 0.2991453 ]
 [0.01587302 0.         0.19793681 0.22       0.29059829]
 [0.07936508 0.25       0.24242424 0.06666667 0.03418803]]
matrix:[[0.17647059 0.14824121 0.25764192 0.125      0.06896552]
 [0.17647059 0.22361809 0.11877729 0.19256757 0.65517241]
 [0.05882353 0.07286432 0.3371179  0.16554054 0.        ]
 [0.52941176 0.30150754 0.13187773 0.23648649 0.17241379]
 [0.05882353 0.25376884 0.15458515 0.28040541 0.10344828]]
matrix:[[0.10882353 0.31120944 0.16964286 0.18148148 0.43243243]
 [0.27058824 0.1460177  0.1        0.1037037  0.05405405]
 [0.25588235 0.24336283 0.20178571 0.27407407 0.24324324]
 [0.11470588 0.0899705  0.3        0.32222222 0.13513514]
 [0.25       0.20943953 0.22857143 0.11851852 0.13513514]]
