matrix:[[0.19434629 0.19144385 0.08823529 0.23214286 0.28571429]
 [0.21908127 0.10588235 0.08823529 0.19047619 0.07142857]
 [0.18021201 0.32299465 0.14705882 0.23809524 0.42857143]
 [0.18551237 0.15828877 0.52941176 0.1875     0.07142857]
 [0.22084806 0.22139037 0.14705882 0.15178571 0.14285714]]
matrix:[[0.1984127  0.10033445 0.28712871 0.21830986 0.24433249]
 [0.29100529 0.14715719 0.32673267 0.08873239 0.08816121]
 [0.08994709 0.06020067 0.0990099  0.3084507  0.43828715]
 [0.05291005 0.34113712 0.17821782 0.25774648 0.10831234]
 [0.36772487 0.35117057 0.10891089 0.12676056 0.1209068 ]]
matrix:[[0.37209302 0.28571429 0.33333333 0.14479638 0.17180617]
 [0.13953488 0.08571429 0.08333333 0.28959276 0.17797357]
 [0.30232558 0.27619048 0.36594203 0.16289593 0.21057269]
 [0.11627907 0.23333333 0.17391304 0.15837104 0.19471366]
 [0.06976744 0.11904762 0.04347826 0.24434389 0.24493392]]
matrix:[[0.23755187 0.12048193 0.3507109  0.06349206 0.12426036]
 [0.15248963 0.19518072 0.08530806 0.1031746  0.23076923]
 [0.28215768 0.11084337 0.30331754 0.50793651 0.18343195]
 [0.11307054 0.38313253 0.1563981  0.18253968 0.0887574 ]
 [0.21473029 0.19036145 0.1042654  0.14285714 0.37278107]]
matrix:[[0.35714286 0.34517766 0.         0.07407407 0.20411985]
 [0.17857143 0.10659898 0.         0.2962963  0.14731586]
 [0.07142857 0.19796954 0.25       0.09259259 0.2659176 ]
 [0.14285714 0.21319797 0.25       0.25925926 0.16666667]
 [0.25       0.13705584 0.5        0.27777778 0.21598002]]
matrix:[[0.14840989 0.41605839 0.16619718 0.2266289  0.07490637]
 [0.19081272 0.08394161 0.06760563 0.11189802 0.28089888]
 [0.16254417 0.27372263 0.32112676 0.25070822 0.20224719]
 [0.10600707 0.10583942 0.37464789 0.16288952 0.21722846]
 [0.39222615 0.12043796 0.07042254 0.24787535 0.2247191 ]]
matrix:[[0.14705882 0.         0.21590909 0.26315789 0.20739457]
 [0.23529412 0.38461538 0.27272727 0.10526316 0.12940497]
 [0.17647059 0.         0.15909091 0.05263158 0.26343154]
 [0.17647059 0.46153846 0.17045455 0.52631579 0.18659734]
 [0.26470588 0.15384615 0.18181818 0.05263158 0.21317158]]
matrix:[[0.04854369 0.43506494 0.21875    0.2302799  0.17878788]
 [0.19417476 0.08441558 0.08984375 0.22900763 0.02424242]
 [0.14563107 0.23376623 0.2421875  0.1043257  0.52424242]
 [0.27184466 0.11688312 0.34375    0.09414758 0.18787879]
 [0.33980583 0.12987013 0.10546875 0.34223919 0.08484848]]
matrix:[[0.43181818 0.25339367 0.20435967 0.20107239 0.1372549 ]
 [0.01136364 0.04524887 0.17620345 0.09115282 0.28431373]
 [0.14772727 0.51131222 0.19981835 0.24664879 0.09803922]
 [0.35227273 0.0361991  0.18437784 0.28150134 0.16666667]
 [0.05681818 0.15384615 0.23524069 0.17962466 0.31372549]]
matrix:[[0.23917137 0.1754386  0.19183673 0.21571429 0.16761364]
 [0.11299435 0.19298246 0.13061224 0.12       0.21306818]
 [0.30508475 0.         0.14693878 0.24       0.29261364]
 [0.15819209 0.1754386  0.28979592 0.26714286 0.06534091]
 [0.18455744 0.45614035 0.24081633 0.15714286 0.26136364]]
