matrix:[[0.125      0.1969697  0.25272331 0.22222222 0.19761499]
 [0.18581081 0.06060606 0.1459695  0.05555556 0.1362862 ]
 [0.15878378 0.13636364 0.208061   0.16666667 0.38841567]
 [0.12162162 0.09090909 0.25490196 0.44444444 0.11925043]
 [0.40878378 0.51515152 0.13834423 0.11111111 0.15843271]]
matrix:[[0.30679157 0.09756098 0.21097046 0.13099415 0.44720497]
 [0.08899297 0.30243902 0.0464135  0.19415205 0.06832298]
 [0.28103044 0.04390244 0.47679325 0.1871345  0.37888199]
 [0.18032787 0.18536585 0.14767932 0.22923977 0.08074534]
 [0.14285714 0.37073171 0.11814346 0.25847953 0.02484472]]
matrix:[[0.45454545 0.32518797 0.3358209  0.23668639 0.11449275]
 [0.04545455 0.18421053 0.02985075 0.04733728 0.20144928]
 [0.18181818 0.27443609 0.15671642 0.45364892 0.06956522]
 [0.18181818 0.09022556 0.42537313 0.15384615 0.24492754]
 [0.13636364 0.12593985 0.05223881 0.10848126 0.36956522]]
matrix:[[0.15384615 0.5        0.19565217 0.27923977 0.16427289]
 [0.1025641  0.5        0.36956522 0.11695906 0.14362657]
 [0.12820513 0.         0.02173913 0.17397661 0.2962298 ]
 [0.46153846 0.         0.2826087  0.28070175 0.12746858]
 [0.15384615 0.         0.13043478 0.14912281 0.26840215]]
matrix:[[0.27795527 0.19526627 0.32432432 0.35897436 0.14015152]
 [0.03514377 0.1183432  0.07722008 0.17948718 0.24621212]
 [0.45207668 0.16568047 0.25482625 0.23076923 0.09848485]
 [0.15175719 0.34911243 0.23938224 0.05128205 0.19318182]
 [0.08306709 0.17159763 0.1042471  0.17948718 0.3219697 ]]
matrix:[[0.15827338 0.22809458 0.27586207 0.27118644 0.22541604]
 [0.24940048 0.10848401 0.20689655 0.52542373 0.096823  ]
 [0.05755396 0.3852573  0.24137931 0.         0.22087746]
 [0.10311751 0.15299026 0.20689655 0.10169492 0.26626324]
 [0.43165468 0.12517385 0.06896552 0.10169492 0.19062027]]
matrix:[[0.32748538 0.47058824 0.22727273 0.14041746 0.3364486 ]
 [0.04093567 0.11764706 0.18181818 0.18690702 0.10280374]
 [0.34502924 0.23529412 0.34090909 0.22580645 0.19859813]
 [0.16959064 0.11764706 0.11363636 0.18216319 0.24065421]
 [0.11695906 0.05882353 0.13636364 0.26470588 0.12149533]]
matrix:[[0.22868217 0.28205128 0.24031008 0.2556391  0.10067114]
 [0.14728682 0.05769231 0.03100775 0.10526316 0.32214765]
 [0.22868217 0.42948718 0.39922481 0.28070175 0.07718121]
 [0.23255814 0.16025641 0.14341085 0.20802005 0.06040268]
 [0.1627907  0.07051282 0.18604651 0.15037594 0.43959732]]
matrix:[[0.46153846 0.53846154 0.21568627 0.35869565 0.18414918]
 [0.30769231 0.07692308 0.1372549  0.2173913  0.1451049 ]
 [0.07692308 0.15384615 0.2745098  0.27173913 0.24009324]
 [0.         0.15384615 0.25490196 0.08695652 0.19755245]
 [0.15384615 0.07692308 0.11764706 0.06521739 0.23310023]]
matrix:[[0.425      0.15277778 0.34545455 0.19308943 0.12721893]
 [0.05       0.13888889 0.0892562  0.16463415 0.20414201]
 [0.15       0.41666667 0.21983471 0.21138211 0.23668639]
 [0.2        0.15277778 0.18181818 0.14837398 0.20118343]
 [0.175      0.13888889 0.16363636 0.28252033 0.23076923]]
