matrix:[[0.88075881 0.06810036 0.07184466 0.03703704 0.01347709]
 [0.06233062 0.80645161 0.02135922 0.02279202 0.06738544]
 [0.01897019 0.01433692 0.85825243 0.02564103 0.00808625]
 [0.01897019 0.00358423 0.01941748 0.90883191 0.01078167]
 [0.01897019 0.10752688 0.02912621 0.00569801 0.90026954]]
matrix:[[0.90615836 0.07744108 0.05476673 0.02840909 0.02985075]
 [0.02052786 0.78787879 0.01825558 0.01420455 0.05970149]
 [0.03225806 0.01683502 0.90060852 0.00852273 0.01741294]
 [0.01759531 0.02020202 0.01419878 0.94318182 0.01741294]
 [0.02346041 0.0976431  0.01217039 0.00568182 0.87562189]]
matrix:[[0.87055838 0.03891051 0.06910569 0.02906977 0.03266332]
 [0.05329949 0.84824903 0.02642276 0.02034884 0.06532663]
 [0.03807107 0.01945525 0.87601626 0.02616279 0.01005025]
 [0.0177665  0.         0.01422764 0.91860465 0.01507538]
 [0.02030457 0.09338521 0.01422764 0.00581395 0.87688442]]
matrix:[[0.90735695 0.04494382 0.10429448 0.04       0.02669903]
 [0.03542234 0.86142322 0.02249489 0.01428571 0.06067961]
 [0.02452316 0.01872659 0.83026585 0.01428571 0.02427184]
 [0.01362398 0.01498127 0.02453988 0.92       0.01456311]
 [0.01907357 0.05992509 0.01840491 0.01142857 0.87378641]]
matrix:[[0.88323353 0.04651163 0.06224066 0.0225     0.02676399]
 [0.04191617 0.82945736 0.01452282 0.015      0.05596107]
 [0.04191617 0.02713178 0.90456432 0.0225     0.0243309 ]
 [0.01796407 0.01550388 0.01244813 0.9275     0.03649635]
 [0.01497006 0.08139535 0.00622407 0.0125     0.85644769]]
matrix:[[0.85572139 0.04961832 0.06263982 0.02872063 0.01534527]
 [0.05472637 0.82824427 0.01789709 0.01827676 0.04092072]
 [0.04975124 0.01526718 0.901566   0.01827676 0.01023018]
 [0.02238806 0.01908397 0.01565996 0.92689295 0.01278772]
 [0.01741294 0.08778626 0.00223714 0.0078329  0.92071611]]
matrix:[[0.8715847  0.04109589 0.05251142 0.0255102  0.02015113]
 [0.01092896 0.85616438 0.00684932 0.01530612 0.05289673]
 [0.06557377 0.02054795 0.92009132 0.01785714 0.01511335]
 [0.03278689 0.01369863 0.01141553 0.93367347 0.01763224]
 [0.01912568 0.06849315 0.00913242 0.00765306 0.89420655]]
matrix:[[0.86842105 0.03412969 0.04835165 0.0286533  0.01351351]
 [0.04784689 0.8225256  0.01978022 0.01146132 0.06486486]
 [0.05502392 0.02047782 0.91428571 0.01719198 0.00810811]
 [0.00717703 0.02389078 0.01098901 0.91977077 0.00810811]
 [0.0215311  0.09897611 0.00659341 0.02292264 0.90540541]]
matrix:[[0.84691358 0.04643963 0.07300885 0.0152439  0.01856764]
 [0.02469136 0.80495356 0.01327434 0.01829268 0.02917772]
 [0.0691358  0.02167183 0.8960177  0.         0.01061008]
 [0.02716049 0.01547988 0.00884956 0.96036585 0.01591512]
 [0.03209877 0.11145511 0.00884956 0.00609756 0.92572944]]
matrix:[[0.86363636 0.04761905 0.05590062 0.01488095 0.03030303]
 [0.02392344 0.86111111 0.01863354 0.02380952 0.09090909]
 [0.07177033 0.00793651 0.90890269 0.00892857 0.02020202]
 [0.01913876 0.00793651 0.01449275 0.94345238 0.01767677]
 [0.0215311  0.07539683 0.00207039 0.00892857 0.84090909]]
