matrix:[[0.2639843  0.45945946 0.08       0.12       0.2       ]
 [0.08243376 0.08108108 0.448      0.2032     0.2       ]
 [0.30323847 0.16216216 0.032      0.1712     0.        ]
 [0.20902846 0.17117117 0.128      0.1824     0.4       ]
 [0.14131501 0.12612613 0.312      0.3232     0.2       ]]
matrix:[[0.24697581 0.11979167 0.1627907  0.1375     0.18181818]
 [0.11189516 0.12760417 0.2248062  0.31666667 0.09090909]
 [0.29435484 0.265625   0.23643411 0.04583333 0.18181818]
 [0.20766129 0.2734375  0.06976744 0.10833333 0.        ]
 [0.1391129  0.21354167 0.30620155 0.39166667 0.54545455]]
matrix:[[0.19004525 0.25       0.07142857 0.20778073 0.4       ]
 [0.2745098  0.19444444 0.         0.05039788 0.        ]
 [0.10708899 0.25       0.35714286 0.34571176 0.2       ]
 [0.09803922 0.04166667 0.5        0.26525199 0.2       ]
 [0.33031674 0.26388889 0.07142857 0.13085765 0.2       ]]
matrix:[[0.21136364 0.20542636 0.10909091 0.1026616  0.33427762]
 [0.20909091 0.13307494 0.01818182 0.19011407 0.06232295]
 [0.2        0.18992248 0.8        0.25095057 0.34560907]
 [0.1        0.31524548 0.05454545 0.121673   0.10764873]
 [0.27954545 0.15633075 0.01818182 0.33460076 0.15014164]]
matrix:[[0.12927757 0.25043178 0.2173913  0.36950147 0.0929878 ]
 [0.13307985 0.0552677  0.10869565 0.09970674 0.27286585]
 [0.33079848 0.37478411 0.13043478 0.2170088  0.12804878]
 [0.20152091 0.23661485 0.45652174 0.1085044  0.17378049]
 [0.20532319 0.08290155 0.08695652 0.20527859 0.33231707]]
matrix:[[0.30568356 0.17777778 0.20377868 0.07051282 0.08502024]
 [0.10906298 0.25555556 0.13090418 0.16025641 0.25101215]
 [0.33947773 0.06666667 0.22402159 0.08333333 0.23481781]
 [0.12749616 0.23333333 0.21322537 0.32692308 0.19838057]
 [0.11827957 0.26666667 0.22807018 0.35897436 0.23076923]]
matrix:[[0.3        0.27586207 0.23844122 0.12587413 0.14285714]
 [0.         0.06896552 0.11030383 0.25174825 0.31746032]
 [0.1        0.20689655 0.28269485 0.14685315 0.04232804]
 [0.3        0.24137931 0.1677675  0.12587413 0.36507937]
 [0.3        0.20689655 0.2007926  0.34965035 0.13227513]]
matrix:[[0.52173913 0.1727707  0.36651584 0.24085366 0.29824561]
 [0.08695652 0.17595541 0.05429864 0.13414634 0.        ]
 [0.04347826 0.27070064 0.28506787 0.12804878 0.01754386]
 [0.26086957 0.13216561 0.21719457 0.33536585 0.68421053]
 [0.08695652 0.24840764 0.07692308 0.16158537 0.        ]]
matrix:[[0.07717042 0.20754717 0.20420168 0.33333333 0.27083333]
 [0.29903537 0.19496855 0.11092437 0.09876543 0.06944444]
 [0.16398714 0.20125786 0.29327731 0.18518519 0.26388889]
 [0.18006431 0.10691824 0.20336134 0.24691358 0.20138889]
 [0.27974277 0.28930818 0.18823529 0.13580247 0.19444444]]
matrix:[[0.23863636 0.17857143 0.08333333 0.23012552 0.2027027 ]
 [0.08828671 0.33928571 0.26612903 0.16317992 0.09459459]
 [0.28671329 0.16071429 0.16129032 0.17154812 0.54054054]
 [0.19143357 0.125      0.11021505 0.32217573 0.10810811]
 [0.19493007 0.19642857 0.37903226 0.11297071 0.05405405]]
