precision:[0.         0.         0.09852941 0.         0.         0.
 0.         0.         0.         0.        ]
precision:[0.         0.         0.         0.         0.         0.
 0.10294118 0.         0.         0.        ]
precision:[0.    0.    0.    0.101 0.    0.    0.    0.    0.    0.   ]
